[0.78878 , 0],
[0.81036 , 0],
[0.83194 , 0.00028697],
[0.85351 , 0.0022001],
[0.87509 , 0.003635],
[0.89667 , 0.0011479],
[0.91825 , 0.0023914],
[0.93983 , 0.0059307],
[0.96141 , 0.0084178],
[0.98298 , 0.0046872],
[1.0046 , 0.0088005],
[1.0261 , 0.011861],
[1.0477 , 0.015783],
[1.0693 , 0.021332],
[1.0909 , 0.031949],
[1.1125 , 0.038837],
[1.134 , 0.040654],
[1.1556 , 0.040559],
[1.1772 , 0.044863],
[1.1988 , 0.056342],
[1.2203 , 0.064664],
[1.2419 , 0.081596],
[1.2635 , 0.083126],
[1.2851 , 0.086857],
[1.3067 , 0.099675],
[1.3282 , 0.11259],
[1.3498 , 0.12598],
[1.3714 , 0.12627],
[1.393 , 0.13909],
[1.4146 , 0.15324],
[1.4361 , 0.16903],
[1.4577 , 0.17132],
[1.4793 , 0.18165],
[1.5009 , 0.18557],
[1.5224 , 0.1917],
[1.544 , 0.207],
[1.5656 , 0.21647],
[1.5872 , 0.23293],
[1.6088 , 0.2532],
[1.6303 , 0.25875],
[1.6519 , 0.27368],
[1.6735 , 0.29328],
[1.6951 , 0.29175],
[1.7166 , 0.30639],
[1.7382 , 0.3304],
[1.7598 , 0.34035],
[1.7814 , 0.35259],
[1.803 , 0.3722],
[1.8245 , 0.39344],
[1.8461 , 0.41305],
[1.8677 , 0.43132],
[1.8893 , 0.45169],
[1.9109 , 0.43888],
[1.9324 , 0.46977],
[1.954 , 0.46872],
[1.9756 , 0.50182],
[1.9972 , 0.52822],
[2.0187 , 0.51684],
[2.0403 , 0.54993],
[2.0619 , 0.56112],
[2.0835 , 0.57069],
[2.1051 , 0.58427],
[2.1266 , 0.61661],
[2.1482 , 0.63775],
[2.1698 , 0.65209],
[2.1914 , 0.68672],
[2.213 , 0.69399],
[2.2345 , 0.72183],
[2.2561 , 0.74364],
[2.2777 , 0.74976],
[2.2993 , 0.76564],
[2.3208 , 0.77874],
[2.3424 , 0.80314],
[2.364 , 0.80113],
[2.3856 , 0.8391],
[2.4072 , 0.85498],
[2.4287 , 0.87632],
[2.4503 , 0.8789],
[2.4719 , 0.90511],
[2.4935 , 0.92797],
[2.515 , 0.93687],
[2.5366 , 0.94241],
[2.5582 , 0.95868],
[2.5798 , 0.97197],
[2.6014 , 0.96442],
[2.6229 , 0.97408],
[2.6445 , 0.95973],
[2.6661 , 0.95782],
[2.6877 , 0.96872],
[2.7093 , 0.97063],
[2.7308 , 0.96719],
[2.7524 , 0.97092],
[2.774 , 0.95093],
[2.7956 , 0.97723],
[2.8171 , 0.9955],
[2.8387 , 0.97972],
[2.8603 , 0.96729],
[2.8819 , 0.97389],
[2.9035 , 0.97054],
[2.925 , 0.98881],
[2.9466 , 1],
[2.9682 , 0.97398],
[2.9898 , 0.98747],
[3.0114 , 0.97647],
[3.0329 , 0.98345],
[3.0545 , 0.98967],
[3.0761 , 0.95284],
[3.0977 , 0.95657],
[3.1192 , 0.96088],
[3.1408 , 0.93036],
[3.1624 , 0.92682],
[3.184 , 0.90893],
[3.2056 , 0.9207],
[3.2271 , 0.9097],
[3.2487 , 0.90922],
[3.2703 , 0.90951],
[3.2919 , 0.87861],
[3.3134 , 0.88894],
[3.335 , 0.89277],
[3.3566 , 0.89573],
[3.3782 , 0.87278],
[3.3998 , 0.84484],
[3.4213 , 0.84838],
[3.4429 , 0.83834],
[3.4645 , 0.85058],
[3.4861 , 0.83155],
[3.5077 , 0.82944],
[3.5292 , 0.82016],
[3.5508 , 0.81462],
[3.5724 , 0.80486],
[3.594 , 0.81022],
[3.6155 , 0.78764],
[3.6371 , 0.78152],
[3.6587 , 0.74699],
[3.6803 , 0.7444],
[3.7019 , 0.73924],
[3.7234 , 0.7335],
[3.745 , 0.72087],
[3.7666 , 0.74536],
[3.7882 , 0.70471],
[3.8098 , 0.70719],
[3.8313 , 0.69256],
[3.8529 , 0.685],
[3.8745 , 0.68787],
[3.8961 , 0.66807],
[3.9176 , 0.65611],
[3.9392 , 0.64243],
[3.9608 , 0.64033],
[3.9824 , 0.62244],
[4.004 , 0.60245],
[4.0255 , 0.59614],
[4.0471 , 0.60321],
[4.0687 , 0.61488],
[4.0903 , 0.63889],
[4.1118 , 0.62694],
[4.1334 , 0.63277],
[4.155 , 0.62598],
[4.1766 , 0.61134],
[4.1982 , 0.61909],
[4.2197 , 0.60101],
[4.2413 , 0.58561],
[4.2629 , 0.59843],
[4.2845 , 0.5661],
[4.3061 , 0.57375],
[4.3276 , 0.56447],
[4.3492 , 0.54285],
[4.3708 , 0.53329],
[4.3924 , 0.52831],
[4.4139 , 0.53501],
[4.4355 , 0.51645],
[4.4571 , 0.50344],
[4.4787 , 0.52583],
[4.5003 , 0.49168],
[4.5218 , 0.48297],
[4.5434 , 0.48603],
[4.565 , 0.47169],
[4.5866 , 0.46824],
[4.6082 , 0.46642],
[4.6297 , 0.45131],
[4.6513 , 0.46068],
[4.6729 , 0.46384],
[4.6945 , 0.46432],
[4.716 , 0.46709],
[4.7376 , 0.45418],
[4.7592 , 0.44777],
[4.7808 , 0.44691],
[4.8024 , 0.44146],
[4.8239 , 0.43381],
[4.8455 , 0.4252],
[4.8671 , 0.42166],
[4.8887 , 0.41955],
[4.9102 , 0.41974],
[4.9318 , 0.40205],
[4.9534 , 0.40549],
[4.975 , 0.40348],
[4.9966 , 0.40501],
[5.0181 , 0.38789],
[5.0397 , 0.38215],
[5.0613 , 0.37832],
[5.0829 , 0.37383],
[5.1045 , 0.37306],
[5.126 , 0.37153],
[5.1476 , 0.37871],
[5.1692 , 0.36598],
[5.1908 , 0.36723],
[5.2123 , 0.34561],
[5.2339 , 0.35259],
[5.2555 , 0.36187],
[5.2771 , 0.34207],
[5.2987 , 0.33518],
[5.3202 , 0.32552],
[5.3418 , 0.33337],
[5.3634 , 0.32122],
[5.385 , 0.32236],
[5.4065 , 0.31663],
[5.4281 , 0.31328],
[5.4497 , 0.29663],
[5.4713 , 0.30036],
[5.4929 , 0.28716],
[5.5144 , 0.2908],
[5.536 , 0.28525],
[5.5576 , 0.28372],
[5.5792 , 0.27884],
[5.6008 , 0.27874],
[5.6223 , 0.26956],
[5.6439 , 0.26401],
[5.6655 , 0.26564],
[5.6871 , 0.26315],
[5.7086 , 0.2598],
[5.7302 , 0.24928],
[5.7518 , 0.2511],
[5.7734 , 0.2401],
[5.795 , 0.2467],
[5.8165 , 0.24584],
[5.8381 , 0.2444],
[5.8597 , 0.238],
[5.8813 , 0.22747],
[5.9029 , 0.22958],
[5.9244 , 0.22891],
[5.946 , 0.21848],
[5.9676 , 0.21599],
[5.9892 , 0.21925],
[6.0107 , 0.22164],
[6.0323 , 0.20595],
[6.0539 , 0.20949],
[6.0755 , 0.20212],
[6.0971 , 0.20078],
[6.1186 , 0.2026],
[6.1402 , 0.19581],
[6.1618 , 0.20212],
[6.1834 , 0.19093],
[6.2049 , 0.19208],
[6.2265 , 0.18089],
[6.2481 , 0.18462],
[6.2697 , 0.18797],
[6.2913 , 0.17467],
[6.3128 , 0.17324],
[6.3344 , 0.1762],
[6.356 , 0.17658],
[6.3776 , 0.17897],
[6.3992 , 0.17716],
[6.4207 , 0.17381],
[6.4423 , 0.16549],
[6.4639 , 0.16797],
[6.4855 , 0.16003],
[6.507 , 0.17008],
[6.5286 , 0.15956],
[6.5502 , 0.15678],
[6.5718 , 0.15487],
[6.5934 , 0.14942],
[6.6149 , 0.14626],
[6.6365 , 0.14999],
[6.6581 , 0.14224],
[6.6797 , 0.13631],
[6.7013 , 0.15171],
[6.7228 , 0.13277],
[6.7444 , 0.13029],
[6.766 , 0.13335],
[6.7876 , 0.1299],
[6.8091 , 0.13134],
[6.8307 , 0.12349],
[6.8523 , 0.12388],
[6.8739 , 0.13],
[6.8955 , 0.11661],
[6.917 , 0.12789],
[6.9386 , 0.11861],
[6.9602 , 0.11144],
[6.9818 , 0.11861],
[7.0033 , 0.11536],
[7.0249 , 0.11909],
[7.0465 , 0.10771],
[7.0681 , 0.1079],
[7.0897 , 0.10321],
[7.1112 , 0.10943],
[7.1328 , 0.10207],
[7.1544 , 0.10312],
[7.176 , 0.10522],
[7.1976 , 0.10446],
[7.2191 , 0.094318],
[7.2407 , 0.092883],
[7.2623 , 0.092787],
[7.2839 , 0.096518],
[7.3054 , 0.084178],
[7.327 , 0.093361],
[7.3486 , 0.085996],
[7.3702 , 0.077578],
[7.3918 , 0.082074],
[7.4133 , 0.081596],
[7.4349 , 0.083604],
[7.4565 , 0.073752],
[7.4781 , 0.078917],
[7.4997 , 0.07576],
[7.5212 , 0.081883],
[7.5428 , 0.075378],
[7.5644 , 0.071456],
[7.586 , 0.068299],
[7.6075 , 0.067056],
[7.6291 , 0.072126],
[7.6507 , 0.069734],
[7.6723 , 0.065812],
[7.6939 , 0.06476],
[7.7154 , 0.066099],
[7.737 , 0.063516],
[7.7586 , 0.066577],
[7.7802 , 0.062847],
[7.8017 , 0.064856],
[7.8233 , 0.062082],
[7.8449 , 0.053664],
[7.8665 , 0.062368],
[7.8881 , 0.058829],
[7.9096 , 0.056629],
[7.9312 , 0.054333],
[7.9528 , 0.055768],
[7.9744 , 0.055385],
[7.996 , 0.052898],
[8.0175 , 0.053472],
[8.0391 , 0.049359],
[8.0607 , 0.049455],
[8.0823 , 0.047446],
[8.1038 , 0.049742],
[8.1254 , 0.050316],
[8.147 , 0.050316],
[8.1686 , 0.043715],
[8.1902 , 0.045724],
[8.2117 , 0.040846],
[8.2333 , 0.040176],
[8.2549 , 0.047159],
[8.2765 , 0.045437],
[8.2981 , 0.04075],
[8.3196 , 0.037498],
[8.3412 , 0.046298],
[8.3628 , 0.036254],
[8.3844 , 0.035967],
[8.4059 , 0.037115],
[8.4275 , 0.033384],
[8.4491 , 0.038359],
[8.4707 , 0.039219],
[8.4923 , 0.034628],
[8.5138 , 0.037785],
[8.5354 , 0.034915],
[8.557 , 0.037306],
[8.5786 , 0.033863],
[8.6001 , 0.035202],
[8.6217 , 0.03568],
[8.6433 , 0.034628],
[8.6649 , 0.026593],
[8.6865 , 0.032523],
[8.708 , 0.032045],
[8.7296 , 0.026401],
[8.7512 , 0.027071],
[8.7728 , 0.027071],
[8.7944 , 0.026019],
[8.8159 , 0.028506],
[8.8375 , 0.025062],
[8.8591 , 0.025732],
[8.8807 , 0.025732],
[8.9022 , 0.028601],
[8.9238 , 0.026306],
[8.9454 , 0.027071],
[8.967 , 0.023723],
[8.9886 , 0.022958],
[9.0101 , 0.025062],
[9.0317 , 0.026019],
[9.0533 , 0.022288],
[9.0749 , 0.021523],
[9.0964 , 0.024297],
[9.118 , 0.02181],
[9.1396 , 0.017697],
[9.1612 , 0.022192],
[9.1828 , 0.018557],
[9.2043 , 0.019514],
[9.2259 , 0.020566],
[9.2475 , 0.020758],
[9.2691 , 0.019992],
[9.2907 , 0.021714],
[9.3122 , 0.01961],
[9.3338 , 0.020662],
[9.3554 , 0.015783],
[9.377 , 0.020758],
[9.3985 , 0.020088],
[9.3985 , 0.020088],
