   9.7150551e-03   2.4372915e-04
   2.1745039e-02   2.4314771e-04
   3.3775024e-02   2.4101678e-04
   4.5805008e-02   1.9955575e-04
   5.7834992e-02   2.3985427e-04
   6.9864976e-02   2.2048017e-04
   8.1894961e-02   2.1776755e-04
   9.3936693e-02   2.2222370e-04
   1.0594906e-01   2.5109132e-04
   1.1799079e-01   2.5516010e-04
   1.3000315e-01   2.2977965e-04
   1.4204488e-01   2.0168696e-04
   1.5408661e-01   2.1621762e-04
   1.6609898e-01   2.1544270e-04
   1.7814071e-01   2.4140435e-04
   1.9015307e-01   2.0672431e-04
   2.0219480e-01   2.1738019e-04
   2.1423654e-01   2.0827426e-04
   2.2624890e-01   2.0885545e-04
   2.3829063e-01   2.1176160e-04
   2.5030299e-01   2.1815525e-04
   2.6234472e-01   2.0091200e-04
   2.7438646e-01   2.2106132e-04
   2.8639882e-01   2.0420561e-04
   2.9844055e-01   1.9354967e-04
   3.1045291e-01   2.3442971e-04
   3.2249465e-01   2.1195547e-04
   3.3453638e-01   1.9064362e-04
   3.4654874e-01   2.1389277e-04
   3.5859047e-01   2.0265575e-04
   3.7060283e-01   1.8928750e-04
   3.8264457e-01   1.7359421e-04
   3.9468630e-01   2.0517443e-04
   4.0669866e-01   2.1195549e-04
   4.1874039e-01   1.9316232e-04
   4.3075276e-01   1.9781207e-04
   4.4279449e-01   2.1137420e-04
   4.5483622e-01   1.8696252e-04
   4.6684858e-01   1.8773744e-04
   4.7889031e-01   2.0904934e-04
   4.9090268e-01   1.9083742e-04
   5.0294441e-01   1.8773770e-04
   5.1498614e-01   2.0788695e-04
   5.2699850e-01   1.8676892e-04
   5.3904024e-01   1.8541252e-04
   5.5105260e-01   1.9199980e-04
   5.6309433e-01   1.9509982e-04
   5.7513606e-01   2.4295444e-04
   5.8714843e-01   2.3404242e-04
   5.9919016e-01   1.9335606e-04
   6.1120252e-01   2.2048039e-04
   6.2324425e-01   2.5671043e-04
   6.3528598e-01   2.4450438e-04
   6.4729835e-01   2.1970537e-04
   6.5934008e-01   2.6097279e-04
   6.7135244e-01   2.3869230e-04
   6.8339417e-01   2.5767893e-04
   6.9543591e-01   2.8441569e-04
   7.0744827e-01   3.3285163e-04
   7.1949000e-01   3.6520693e-04
   7.3150236e-01   3.5280719e-04
   7.4354409e-01   4.8145319e-04
   7.5558583e-01   5.4112606e-04
   7.6759819e-01   5.3763889e-04
   7.7963992e-01   6.4671640e-04
   7.9165228e-01   7.1297694e-04
   8.0369402e-01   8.5227896e-04
   8.1573575e-01   9.6852522e-04
   8.2774811e-01   1.0776034e-03
   8.3978984e-01   1.2353114e-03
   8.5180220e-01   1.4306051e-03
   8.6384394e-01   1.6599985e-03
   8.7588567e-01   1.8254565e-03
   8.8789803e-01   2.1137477e-03
   8.9993976e-01   2.3751097e-03
   9.1195213e-01   2.7753856e-03
   9.2399386e-01   3.0458541e-03
   9.3603559e-01   3.4430309e-03
   9.4804795e-01   3.9002702e-03
   9.6008969e-01   4.5915515e-03
   9.7210205e-01   5.7044207e-03
   9.8414378e-01   7.5936291e-03
   9.9618551e-01   1.0464932e-02
   1.0081979e+00   1.5920417e-02
   1.0202396e+00   2.6605718e-02
   1.0322520e+00   4.7993730e-02
   1.0442937e+00   8.5877447e-02
   1.0563354e+00   1.4266721e-01
   1.0683478e+00   2.1886732e-01
   1.0803895e+00   3.0525451e-01
   1.0924019e+00   3.9642681e-01
   1.1044436e+00   4.8896125e-01
   1.1164854e+00   5.7720641e-01
   1.1284977e+00   6.5952385e-01
   1.1405394e+00   7.3384315e-01
   1.1525518e+00   7.9499252e-01
   1.1645935e+00   8.4699464e-01
   1.1766353e+00   8.8186311e-01
   1.1886476e+00   9.0427014e-01
   1.2006894e+00   9.1676147e-01
   1.2127017e+00   9.2105629e-01
   1.2247435e+00   9.2399911e-01
   1.2367852e+00   9.2929372e-01
   1.2487976e+00   9.3559475e-01
   1.2608393e+00   9.4573348e-01
   1.2728517e+00   9.5258957e-01
   1.2848934e+00   9.5880786e-01
   1.2969351e+00   9.6833814e-01
   1.3089475e+00   9.7099050e-01
   1.3209892e+00   9.7886993e-01
   1.3330016e+00   9.8208146e-01
   1.3450433e+00   9.8692944e-01
   1.3570850e+00   9.8886960e-01
   1.3690974e+00   9.9197159e-01
   1.3811391e+00   9.9522233e-01
   1.3931515e+00   9.9737377e-01
   1.4051932e+00   9.9832833e-01
   1.4172350e+00   1.0000000e+00
   1.4292473e+00   9.9884996e-01
   1.4412891e+00   9.9705630e-01
   1.4533014e+00   9.9971490e-01
   1.4653431e+00   9.9770867e-01
   1.4773849e+00   9.9364873e-01
   1.4893972e+00   9.8828835e-01
   1.5014390e+00   9.8211332e-01
   1.5134513e+00   9.7611683e-01
   1.5254931e+00   9.6762545e-01
   1.5375348e+00   9.6094832e-01
   1.5495472e+00   9.4930865e-01
   1.5615889e+00   9.4083934e-01
   1.5736013e+00   9.3208537e-01
   1.5856430e+00   9.2575831e-01
   1.5976847e+00   9.1389068e-01
   1.6096971e+00   9.0235572e-01
   1.6217388e+00   8.8844430e-01
   1.6337512e+00   8.7418601e-01
   1.6457929e+00   8.6029564e-01
   1.6578346e+00   8.4802855e-01
   1.6698470e+00   8.3790736e-01
   1.6818887e+00   8.2747606e-01
   1.6939011e+00   8.1444506e-01
   1.7059428e+00   8.0309987e-01
   1.7179846e+00   7.9210764e-01
   1.7299969e+00   7.8066435e-01
   1.7420387e+00   7.7608912e-01
   1.7540510e+00   7.7050622e-01
   1.7660928e+00   7.6442802e-01
   1.7781345e+00   7.6083788e-01
   1.7901469e+00   7.5505839e-01
   1.8021886e+00   7.5140159e-01
   1.8142009e+00   7.4777536e-01
   1.8262427e+00   7.4541261e-01
   1.8382844e+00   7.4091014e-01
   1.8502968e+00   7.3538075e-01
   1.8623385e+00   7.3134941e-01
   1.8743509e+00   7.2662632e-01
   1.8863926e+00   7.1662888e-01
   1.8984343e+00   7.0646868e-01
   1.9104467e+00   6.9630312e-01
   1.9224884e+00   6.8773051e-01
   1.9345008e+00   6.7426859e-01
   1.9465425e+00   6.6533680e-01
   1.9585843e+00   6.5487802e-01
   1.9705966e+00   6.4556788e-01
   1.9826383e+00   6.3365675e-01
   1.9946507e+00   6.2082844e-01
   2.0066924e+00   6.0894446e-01
   2.0187342e+00   5.9632627e-01
   2.0307465e+00   5.9018499e-01
   2.0427883e+00   5.8533030e-01
   2.0548006e+00   5.7774682e-01
   2.0668424e+00   5.7002462e-01
   2.0788841e+00   5.6000527e-01
   2.0908965e+00   5.4663057e-01
   2.1029382e+00   5.3522134e-01
   2.1149506e+00   5.2612988e-01
   2.1269923e+00   5.1712710e-01
   2.1390340e+00   5.1009845e-01
   2.1510464e+00   5.0339374e-01
   2.1630881e+00   4.9718521e-01
   2.1751005e+00   4.9209499e-01
   2.1871422e+00   4.8358603e-01
   2.1991839e+00   4.7438785e-01
   2.2111963e+00   4.6733436e-01
   2.2232380e+00   4.5772458e-01
   2.2352504e+00   4.4969520e-01
   2.2472921e+00   4.4021362e-01
   2.2593339e+00   4.3190809e-01
   2.2713462e+00   4.2341156e-01
   2.2833880e+00   4.1693755e-01
   2.2954003e+00   4.0879458e-01
   2.3074420e+00   3.9953832e-01
   2.3194838e+00   3.8832362e-01
   2.3314961e+00   3.7837380e-01
   2.3435379e+00   3.7491825e-01
   2.3555502e+00   3.7436886e-01
   2.3675920e+00   3.7052891e-01
   2.3796337e+00   3.6565238e-01
   2.3916461e+00   3.6112185e-01
   2.4036878e+00   3.5602043e-01
   2.4157002e+00   3.5026591e-01
   2.4277419e+00   3.4640661e-01
   2.4397836e+00   3.4578575e-01
   2.4517960e+00   3.4556280e-01
   2.4638377e+00   3.4313750e-01
   2.4758501e+00   3.3856777e-01
   2.4878918e+00   3.3420174e-01
   2.4999335e+00   3.2870154e-01
   2.5119459e+00   3.2400534e-01
   2.5239876e+00   3.1783702e-01
   2.5360000e+00   3.1430425e-01
   2.5480417e+00   3.1063846e-01
   2.5600835e+00   3.0606644e-01
   2.5720958e+00   2.9975716e-01
   2.5841376e+00   2.9689992e-01
   2.5961499e+00   2.9055072e-01
   2.6081917e+00   2.8705863e-01
   2.6202334e+00   2.8166614e-01
   2.6322457e+00   2.7716875e-01
   2.6442875e+00   2.7287224e-01
   2.6562998e+00   2.6706617e-01
   2.6683416e+00   2.6297472e-01
   2.6803833e+00   2.5792541e-01
   2.6923957e+00   2.5273757e-01
   2.7044374e+00   2.4956077e-01
   2.7164498e+00   2.4450290e-01
   2.7284915e+00   2.4023440e-01
   2.7405332e+00   2.3691078e-01
   2.7525456e+00   2.3161845e-01
   2.7645873e+00   2.2763588e-01
   2.7765997e+00   2.2375907e-01
   2.7886414e+00   2.1950074e-01
   2.8006831e+00   2.1527888e-01
   2.8126955e+00   2.1023780e-01
   2.8247372e+00   2.0721255e-01
   2.8367496e+00   2.0086714e-01
   2.8487913e+00   1.9952661e-01
   2.8608331e+00   1.9961460e-01
   2.8728454e+00   2.0055323e-01
   2.8848872e+00   1.9868129e-01
   2.8968995e+00   1.9750294e-01
   2.9089413e+00   1.9410780e-01
   2.9209830e+00   1.9142964e-01
   2.9329954e+00   1.8949480e-01
   2.9450371e+00   1.8643364e-01
   2.9570494e+00   1.8451891e-01
   2.9690912e+00   1.8230329e-01
   2.9811329e+00   1.7941173e-01
   2.9931453e+00   1.7809374e-01
   3.0051870e+00   1.7488004e-01
   3.0171994e+00   1.7222752e-01
   3.0292411e+00   1.6923429e-01
   3.0412828e+00   1.6644129e-01
   3.0532952e+00   1.6439792e-01
   3.0653369e+00   1.6209921e-01
   3.0773493e+00   1.5867733e-01
   3.0893910e+00   1.5679229e-01
   3.1014328e+00   1.5418773e-01
   3.1134451e+00   1.5154845e-01
   3.1254869e+00   1.4892125e-01
   3.1374992e+00   1.4590465e-01
   3.1495409e+00   1.4391633e-01
   3.1615827e+00   1.4154993e-01
   3.1735950e+00   1.3965228e-01
   3.1856368e+00   1.3681895e-01
   3.1976491e+00   1.3513474e-01
   3.2096909e+00   1.3193799e-01
   3.2217326e+00   1.2931212e-01
   3.2337450e+00   1.2731372e-01
   3.2457867e+00   1.2499663e-01
   3.2577991e+00   1.2353928e-01
   3.2698408e+00   1.2067196e-01
   3.2818825e+00   1.1874206e-01
   3.2938949e+00   1.1733420e-01
   3.3059366e+00   1.1529280e-01
   3.3179490e+00   1.1374493e-01
   3.3299907e+00   1.1186653e-01
   3.3420324e+00   1.0962563e-01
   3.3540448e+00   1.0812817e-01
   3.3660865e+00   1.0724634e-01
   3.3780989e+00   1.0511991e-01
   3.3901406e+00   1.0297597e-01
   3.4021824e+00   1.0172241e-01
   3.4141947e+00   1.0062270e-01
   3.4262365e+00   9.8512872e-02
   3.4382488e+00   9.7730608e-02
   3.4502906e+00   9.5624385e-02
   3.4623323e+00   9.4435949e-02
   3.4743446e+00   9.3443357e-02
   3.4863864e+00   9.1407676e-02
   3.4983987e+00   9.0470285e-02
   3.5104405e+00   8.9099450e-02
   3.5224822e+00   8.7774161e-02
   3.5344946e+00   8.7116638e-02
   3.5465363e+00   8.5089753e-02
   3.5585487e+00   8.4102218e-02
   3.5705904e+00   8.2892635e-02
   3.5826321e+00   8.2161733e-02
   3.5946445e+00   8.0641389e-02
   3.6066862e+00   7.8951584e-02
   3.6186986e+00   7.7800560e-02
   3.6307403e+00   7.6314535e-02
   3.6427820e+00   7.5151653e-02
   3.6547944e+00   7.3642057e-02
   3.6668361e+00   7.2512990e-02
   3.6788485e+00   7.1568217e-02
   3.6908902e+00   7.0888686e-02
   3.7029320e+00   6.9373369e-02
   3.7149443e+00   6.8448663e-02
   3.7269861e+00   6.7719815e-02
   3.7389984e+00   6.6717418e-02
   3.7510402e+00   6.5840415e-02
   3.7630819e+00   6.4776618e-02
   3.7750943e+00   6.3681597e-02
   3.7871360e+00   6.2256426e-02
   3.7991483e+00   6.1235670e-02
   3.8111901e+00   6.0387329e-02
   3.8232318e+00   5.9723325e-02
   3.8352442e+00   5.8173069e-02
   3.8472859e+00   5.7045630e-02
   3.8592983e+00   5.6592562e-02
   3.8713400e+00   5.5537451e-02
   3.8833817e+00   5.4398261e-02
   3.8953941e+00   5.3406084e-02
   3.9074358e+00   5.3117178e-02
   3.9194482e+00   5.1541606e-02
   3.9314899e+00   5.0536119e-02
   3.9435317e+00   4.8719265e-02
   3.9555440e+00   4.7857230e-02
   3.9675857e+00   4.6740633e-02
   3.9795981e+00   4.5784657e-02
   3.9916398e+00   4.4111381e-02
   4.0036816e+00   4.1755658e-02
   4.0156939e+00   4.0711692e-02
   4.0277357e+00   4.2006374e-02
   4.0397480e+00   4.4712125e-02
   4.0517898e+00   4.7288553e-02
   4.0638315e+00   4.6858631e-02
   4.0758439e+00   4.6799136e-02
   4.0878856e+00   4.6235855e-02
   4.0998980e+00   4.6009423e-02
   4.1119397e+00   4.4567349e-02
   4.1239814e+00   4.4115635e-02
   4.1359938e+00   4.3242515e-02
   4.1480355e+00   4.3061969e-02
   4.1600479e+00   4.2335767e-02
   4.1720896e+00   4.1890476e-02
   4.1841313e+00   4.1219235e-02
   4.1961437e+00   4.0826609e-02
   4.2081854e+00   4.0160025e-02
   4.2201978e+00   3.9576585e-02
   4.2322395e+00   3.9085887e-02
   4.2442813e+00   3.8690064e-02
   4.2562936e+00   3.8726253e-02
   4.2683354e+00   3.7620703e-02
   4.2803477e+00   3.7470356e-02
   4.2923894e+00   3.6883189e-02
   4.3044312e+00   3.6686293e-02
   4.3164435e+00   3.6249310e-02
   4.3284853e+00   3.5817176e-02
   4.3404976e+00   3.5651987e-02
   4.3525394e+00   3.4786389e-02
   4.3645811e+00   3.4934330e-02
   4.3765935e+00   3.4345292e-02
   4.3886352e+00   3.3829258e-02
   4.4006476e+00   3.3721402e-02
   4.4126893e+00   3.3406774e-02
   4.4247310e+00   3.3110244e-02
   4.4367434e+00   3.2379307e-02
   4.4487851e+00   3.2143879e-02
   4.4607975e+00   3.1521841e-02
   4.4728392e+00   3.1173631e-02
   4.4848809e+00   3.0803138e-02
   4.4968933e+00   3.0557728e-02
   4.5089350e+00   3.0051897e-02
   4.5209474e+00   2.9638537e-02
   4.5329891e+00   2.9407345e-02
   4.5450309e+00   2.9506569e-02
   4.5570432e+00   2.8757679e-02
   4.5690850e+00   2.8334303e-02
   4.5810973e+00   2.7688333e-02
   4.5931391e+00   2.7162046e-02
   4.6051808e+00   2.6602570e-02
   4.6171931e+00   2.4765217e-02
   4.6292349e+00   2.1726344e-02
   4.6412472e+00   2.0713184e-02
   4.6532890e+00   2.3074498e-02
   4.6653307e+00   2.5626950e-02
   4.6773431e+00   2.6226074e-02
   4.6893848e+00   2.6595105e-02
   4.7013972e+00   2.5813121e-02
   4.7134389e+00   2.5693014e-02
   4.7254806e+00   2.5275447e-02
   4.7374930e+00   2.4888405e-02
   4.7495347e+00   2.4537284e-02
   4.7615471e+00   2.4472716e-02
   4.7735888e+00   2.4122403e-02
   4.7856306e+00   2.3651813e-02
   4.7976429e+00   2.3637145e-02
   4.8096846e+00   2.3179545e-02
   4.8216970e+00   2.2908532e-02
   4.8337387e+00   2.2483168e-02
   4.8457805e+00   2.2051644e-02
   4.8577928e+00   2.2145730e-02
   4.8698346e+00   2.1737652e-02
   4.8818469e+00   2.1530452e-02
   4.8938887e+00   2.1381399e-02
   4.9059304e+00   2.0831216e-02
   4.9179428e+00   2.0706093e-02
   4.9299845e+00   2.0409417e-02
   4.9419969e+00   2.0173117e-02
   4.9540386e+00   2.0087231e-02
   4.9660803e+00   1.9602743e-02
   4.9780927e+00   1.9577783e-02
   4.9901344e+00   1.9423537e-02
   5.0021468e+00   1.8962789e-02
   5.0141885e+00   1.8724809e-02
   5.0262302e+00   1.8765804e-02
   5.0382426e+00   1.8184364e-02
   5.0502843e+00   1.7920263e-02
   5.0622967e+00   1.7901999e-02
   5.0743384e+00   1.7823769e-02
   5.0863802e+00   1.7446880e-02
   5.0983925e+00   1.7347817e-02
   5.1104343e+00   1.7281476e-02
   5.1224466e+00   1.6651537e-02
   5.1344883e+00   1.6557355e-02
   5.1465301e+00   1.6426474e-02
   5.1585424e+00   1.6474816e-02
   5.1705842e+00   1.6042523e-02
   5.1825965e+00   1.6123566e-02
   5.1946383e+00   1.5663814e-02
   5.2066800e+00   1.5528111e-02
   5.2186924e+00   1.5199381e-02
   5.2307341e+00   1.5015774e-02
   5.2427465e+00   1.4960271e-02
   5.2547882e+00   1.4781333e-02
   5.2668299e+00   1.4607916e-02
   5.2788423e+00   1.4522132e-02
   5.2908840e+00   1.4249898e-02
   5.3028964e+00   1.4154564e-02
   5.3149381e+00   1.3923805e-02
   5.3269798e+00   1.3803476e-02
   5.3389922e+00   1.3644434e-02
   5.3510339e+00   1.3572929e-02
   5.3630463e+00   1.3064401e-02
   5.3750880e+00   1.3266272e-02
   5.3871298e+00   1.3114936e-02
   5.3991421e+00   1.2902044e-02
   5.4111839e+00   1.2662232e-02
   5.4231962e+00   1.2662639e-02
   5.4352380e+00   1.2322842e-02
   5.4472797e+00   1.2469918e-02
   5.4592920e+00   1.2249439e-02
   5.4713338e+00   1.2117581e-02
   5.4833461e+00   1.1761660e-02
   5.4953879e+00   1.1783515e-02
   5.5074296e+00   1.1731737e-02
   5.5194420e+00   1.1556935e-02
   5.5314837e+00   1.1458941e-02
   5.5434961e+00   1.1225420e-02
   5.5555378e+00   1.1179736e-02
   5.5675795e+00   1.1324370e-02
   5.5795919e+00   1.0881432e-02
   5.5916336e+00   1.0816657e-02
   5.6036460e+00   1.0616154e-02
   5.6156877e+00   1.0427107e-02
   5.6277294e+00   1.0303439e-02
   5.6397418e+00   1.0165662e-02
   5.6517835e+00   1.0112712e-02
   5.6637959e+00   1.0200384e-02
   5.6758376e+00   1.0157456e-02
   5.6878794e+00   9.7497900e-03
   5.6998917e+00   9.8364858e-03
   5.7119335e+00   9.5723609e-03
   5.7239458e+00   9.6793982e-03
   5.7359876e+00   9.4889605e-03
   5.7480293e+00   9.3187391e-03
   5.7600417e+00   9.1817374e-03
   5.7720834e+00   9.0042062e-03
   5.7840957e+00   9.0966549e-03
   5.7961375e+00   8.9260376e-03
   5.8081792e+00   8.9018736e-03
   5.8201916e+00   8.8501330e-03
   5.8322333e+00   8.5748186e-03
   5.8442457e+00   8.5519485e-03
   5.8562874e+00   8.6885319e-03
   5.8683291e+00   8.5551320e-03
   5.8803415e+00   8.2978527e-03
   5.8923832e+00   8.2952189e-03
   5.9043956e+00   8.2162462e-03
   5.9164373e+00   8.1372632e-03
   5.9284791e+00   8.0244784e-03
   5.9404914e+00   8.0315714e-03
   5.9525331e+00   7.8076147e-03
   5.9645455e+00   7.7680323e-03
   5.9765872e+00   7.6369936e-03
   5.9886290e+00   7.4998677e-03
   6.0006413e+00   7.5135149e-03
   6.0126831e+00   7.4872067e-03
   6.0246954e+00   7.1529323e-03
   6.0367372e+00   7.1777474e-03
   6.0487789e+00   7.1504174e-03
   6.0607913e+00   7.1106706e-03
   6.0728330e+00   7.1565987e-03
   6.0848454e+00   6.8131518e-03
   6.0968871e+00   6.8982419e-03
   6.1089288e+00   6.7226073e-03
   6.1209412e+00   6.6955463e-03
   6.1329829e+00   6.5816225e-03
   6.1449953e+00   6.5348958e-03
   6.1570370e+00   6.4717805e-03
   6.1690787e+00   6.5356317e-03
   6.1810911e+00   6.4613933e-03
   6.1931328e+00   6.5075872e-03
   6.2051452e+00   6.1980464e-03
   6.2171869e+00   6.2481705e-03
   6.2292287e+00   6.1155622e-03
   6.2412410e+00   6.3159346e-03
   6.2532828e+00   6.1282427e-03
   6.2652951e+00   5.9907098e-03
   6.2773369e+00   5.7918772e-03
   6.2893786e+00   5.8676979e-03
   6.3013909e+00   5.7150876e-03
   6.3134327e+00   5.7243325e-03
   6.3254450e+00   5.7709679e-03
   6.3374868e+00   5.6619296e-03
   6.3495285e+00   5.6350045e-03
   6.3615409e+00   5.6190039e-03
   6.3735826e+00   5.3959830e-03
   6.3855950e+00   5.4360743e-03
   6.3976367e+00   5.4514425e-03
   6.4096784e+00   5.1564520e-03
   6.4216908e+00   5.3971905e-03
   6.4337325e+00   5.1170624e-03
   6.4457449e+00   5.1862436e-03
   6.4577866e+00   5.1001490e-03
   6.4698283e+00   5.0585403e-03
   6.4818407e+00   5.1797651e-03
   6.4938824e+00   4.9295509e-03
   6.5058948e+00   4.8938259e-03
   6.5179365e+00   4.8670512e-03
   6.5299783e+00   4.8802573e-03
   6.5419906e+00   4.7354337e-03
   6.5540324e+00   4.8385857e-03
   6.5660447e+00   4.6752656e-03
   6.5780865e+00   4.6932801e-03
   6.5901282e+00   4.7297790e-03
   6.6021406e+00   4.5775926e-03
   6.6141823e+00   4.3897766e-03
   6.6261946e+00   4.5238224e-03
   6.6382364e+00   4.3826279e-03
   6.6502781e+00   4.4512774e-03
   6.6622905e+00   4.3370694e-03
   6.6743322e+00   4.2333234e-03
   6.6863446e+00   4.2656447e-03
   6.6983863e+00   4.2081721e-03
   6.7104280e+00   4.1666616e-03
   6.7224404e+00   4.0683833e-03
   6.7344821e+00   4.0571243e-03
   6.7464945e+00   4.1256431e-03
   6.7585362e+00   4.0219791e-03
   6.7705780e+00   4.0109689e-03
   6.7825903e+00   3.7542446e-03
   6.7946320e+00   3.9057203e-03
   6.8066444e+00   3.8713679e-03
   6.8186861e+00   3.7460375e-03
   6.8307279e+00   3.7738299e-03
   6.8427402e+00   3.6674334e-03
   6.8547820e+00   3.6331281e-03
   6.8667943e+00   3.7007796e-03
   6.8788361e+00   3.6859169e-03
   6.8908778e+00   3.6346218e-03
   6.9028902e+00   3.6789386e-03
   6.9149319e+00   3.5347566e-03
   6.9269443e+00   3.3881353e-03
   6.9389860e+00   3.4952486e-03
   6.9510277e+00   3.4821324e-03
   6.9630401e+00   3.4757488e-03
   6.9750818e+00   3.3602142e-03
   6.9870942e+00   3.3614039e-03
   6.9991359e+00   3.3828669e-03
   7.0111776e+00   3.3054015e-03
   7.0231900e+00   3.1590497e-03
   7.0352317e+00   3.2221935e-03
   7.0472441e+00   3.2529698e-03
   7.0592858e+00   3.1450619e-03
   7.0713276e+00   3.2370521e-03
   7.0833399e+00   3.1631592e-03
   7.0953817e+00   3.0625366e-03
   7.1073940e+00   3.0598075e-03
   7.1194357e+00   3.0998802e-03
   7.1314775e+00   3.0588837e-03
   7.1434898e+00   3.0118437e-03
   7.1555316e+00   2.9810609e-03
   7.1675439e+00   2.9848598e-03
   7.1795857e+00   2.8611918e-03
   7.1916274e+00   2.8461743e-03
   7.2036398e+00   2.8809896e-03
   7.2156815e+00   2.8701991e-03
   7.2276939e+00   2.8436249e-03
   7.2397356e+00   2.7826759e-03
   7.2517773e+00   2.7849227e-03
   7.2637897e+00   2.8731765e-03
   7.2758314e+00   2.7647666e-03
   7.2878438e+00   2.7001206e-03
   7.2998855e+00   2.7286479e-03
   7.3119272e+00   2.6687641e-03
   7.3239396e+00   2.5996450e-03
   7.3359813e+00   2.6113713e-03
   7.3479937e+00   2.5837500e-03
   7.3600354e+00   2.4701424e-03
   7.3720772e+00   2.5680025e-03
   7.3840895e+00   2.5356770e-03
   7.3961313e+00   2.5693277e-03
   7.4081436e+00   2.4595629e-03
   7.4201854e+00   2.4930492e-03
   7.4322271e+00   2.4761117e-03
   7.4442394e+00   2.4348935e-03
   7.4562812e+00   2.4319483e-03
   7.4682935e+00   2.4268717e-03
   7.4803353e+00   2.2843243e-03
   7.4923770e+00   2.3857543e-03
   7.5043894e+00   2.3488314e-03
   7.5164311e+00   2.3401712e-03
   7.5284435e+00   2.3550569e-03
   7.5404852e+00   2.2319980e-03
   7.5525269e+00   2.1942779e-03
   7.5645393e+00   2.0901009e-03
   7.5765810e+00   2.2084363e-03
   7.5885934e+00   2.1619443e-03
   7.6006351e+00   2.1250944e-03
   7.6126769e+00   2.0741835e-03
   7.6246892e+00   2.0608256e-03
   7.6367309e+00   2.1015955e-03
   7.6487433e+00   2.0871436e-03
   7.6607850e+00   2.0109952e-03
   7.6728268e+00   1.9749757e-03
   7.6848391e+00   2.1010716e-03
   7.6968809e+00   2.0215347e-03
   7.7088932e+00   2.0015950e-03
   7.7209350e+00   1.9536951e-03
   7.7329767e+00   1.9397691e-03
   7.7449891e+00   1.9673813e-03
   7.7570308e+00   1.9821195e-03
   7.7690431e+00   1.9896792e-03
   7.7810849e+00   1.9368033e-03
   7.7931266e+00   1.9005583e-03
   7.8051390e+00   1.8608151e-03
   7.8171807e+00   1.8544410e-03
   7.8291931e+00   1.8484196e-03
   7.8412348e+00   1.8048347e-03
   7.8532765e+00   1.7683285e-03
   7.8652889e+00   1.8603765e-03
   7.8773306e+00   1.8209834e-03
   7.8893430e+00   1.7449957e-03
   7.9013847e+00   1.7169807e-03
   7.9134265e+00   1.7361508e-03
   7.9254388e+00   1.6962920e-03
   7.9374806e+00   1.6995783e-03
   7.9494929e+00   1.7521420e-03
   7.9615346e+00   1.7368709e-03
   7.9735764e+00   1.6861294e-03
   7.9855887e+00   1.7127235e-03
   7.9976305e+00   1.6583035e-03
   8.0096428e+00   1.6320228e-03
   8.0216846e+00   1.6032185e-03
   8.0337263e+00   1.5922246e-03
   8.0457387e+00   1.4761315e-03
   8.0577804e+00   1.6469115e-03
   8.0697928e+00   1.5113205e-03
   8.0818345e+00   1.4923471e-03
   8.0938762e+00   1.5590522e-03
   8.1058886e+00   1.5651061e-03
   8.1179303e+00   1.5095182e-03
   8.1299427e+00   1.4732561e-03
   8.1419844e+00   1.5169874e-03
   8.1540261e+00   1.4855109e-03
   8.1660385e+00   1.4687545e-03
   8.1780802e+00   1.4465360e-03
   8.1900926e+00   1.4271894e-03
   8.2021343e+00   1.4398149e-03
   8.2141761e+00   1.4055620e-03
   8.2261884e+00   1.3798928e-03
   8.2382302e+00   1.4029502e-03
   8.2502425e+00   1.3991241e-03
   8.2622843e+00   1.3666679e-03
   8.2743260e+00   1.3214251e-03
   8.2863383e+00   1.3499855e-03
   8.2983801e+00   1.3216723e-03
