1.600523054599761963e+00
1.593060016632080078e+00
1.629577219486236572e+00
1.597810208797454834e+00
1.626951336860656738e+00
1.604265868663787842e+00
1.609020650386810303e+00
1.658933103084564209e+00
1.665663540363311768e+00
1.715928256511688232e+00
1.679326176643371582e+00
1.683143615722656250e+00
1.682539105415344238e+00
1.699486434459686279e+00
1.733794748783111572e+00
1.729446113109588623e+00
1.730887889862060547e+00
1.787712931632995605e+00
1.736282050609588623e+00
1.707257926464080811e+00
1.718013703823089600e+00
1.716205298900604248e+00
1.706395745277404785e+00
1.767532050609588623e+00
1.801863372325897217e+00
1.796187758445739746e+00
1.803321063518524170e+00
1.766987681388854980e+00
1.791259169578552246e+00
1.777242839336395264e+00
1.847931742668151855e+00
1.833269000053405762e+00
1.889710903167724609e+00
1.884155213832855225e+00
1.851871788501739502e+00
1.792408466339111328e+00
1.723663687705993652e+00
1.726448774337768555e+00
1.771009027957916260e+00
1.802980363368988037e+00
1.826810896396636963e+00
1.810708642005920410e+00
1.838245093822479248e+00
1.855159521102905273e+00
1.920666635036468506e+00
1.916750550270080566e+00
1.940271198749542236e+00
1.963618040084838867e+00
2.002407312393188477e+00
2.058193445205688477e+00
2.038431286811828613e+00
2.000887751579284668e+00
2.011693358421325684e+00
2.023476362228393555e+00
1.861796975135803223e+00
1.760764658451080322e+00
1.717262387275695801e+00
1.769950568675994873e+00
1.758022606372833252e+00
1.781016349792480469e+00
1.806023001670837402e+00
1.839487910270690918e+00
1.870981812477111816e+00
1.914827287197113037e+00
1.957370936870574951e+00
2.018159151077270508e+00
2.054207682609558105e+00
2.093744635581970215e+00
2.014143109321594238e+00
1.826530158519744873e+00
1.778904020786285400e+00
1.790487527847290039e+00
1.802647769451141357e+00
1.808084726333618164e+00
1.847837150096893311e+00
1.846823453903198242e+00
1.879332184791564941e+00
1.889943182468414307e+00
1.931248188018798828e+00
1.955742061138153076e+00
1.970301330089569092e+00
1.993246674537658691e+00
2.007978796958923340e+00
2.037178277969360352e+00
2.082746148109436035e+00
2.092187881469726562e+00
2.133566856384277344e+00
2.122064828872680664e+00
2.172520399093627930e+00
2.180126905441284180e+00
2.233037590980529785e+00
2.256842374801635742e+00
2.261278271675109863e+00
2.294458270072937012e+00
2.288365125656127930e+00
2.312520384788513184e+00
2.347613930702209473e+00
2.378273963928222656e+00
2.371057033538818359e+00
2.400427460670471191e+00
2.421594023704528809e+00
2.467152237892150879e+00
2.490956664085388184e+00
2.574124574661254883e+00
2.485552549362182617e+00
2.222917675971984863e+00
2.212957143783569336e+00
2.252853155136108398e+00
2.318508982658386230e+00
2.301628589630126953e+00
2.338062763214111328e+00
2.307815074920654297e+00
2.322295188903808594e+00
2.279605865478515625e+00
2.209935665130615234e+00
1.606485366821289062e+00
1.444011390209197998e+00
1.443128883838653564e+00
1.411548137664794922e+00
1.462562561035156250e+00
1.449228703975677490e+00
1.471963584423065186e+00
1.490798890590667725e+00
1.485311210155487061e+00
1.477955937385559082e+00
1.497230947017669678e+00
1.568951666355133057e+00
1.582088708877563477e+00
1.582282066345214844e+00
1.602366924285888672e+00
1.606075644493103027e+00
1.627257525920867920e+00
1.638677179813385010e+00
1.654594242572784424e+00
1.675781428813934326e+00
1.682857930660247803e+00
1.698862791061401367e+00
1.722247123718261719e+00
1.729159116744995117e+00
1.729164242744445801e+00
1.746448516845703125e+00
1.769047260284423828e+00
1.767878055572509766e+00
1.777732908725738525e+00
1.791553199291229248e+00
1.837387323379516602e+00
1.835920333862304688e+00
1.859740078449249268e+00
1.833016574382781982e+00
1.887172758579254150e+00
1.885202288627624512e+00
1.888580322265625000e+00
1.940325200557708740e+00
1.947061061859130859e+00
1.910897135734558105e+00
1.929547667503356934e+00
1.962212502956390381e+00
2.006635665893554688e+00
1.996895015239715576e+00
2.031238317489624023e+00
2.033662438392639160e+00
2.058558821678161621e+00
2.036216735839843750e+00
2.039455413818359375e+00
1.998592674732208252e+00
