7.078828357114573810e-01
7.339220167147252338e-01
7.599682620644395703e-01
7.860074430677073121e-01
8.120466240709748318e-01
8.380928694206893903e-01
8.641320504239570210e-01
8.901782957736715796e-01
9.162174767769390993e-01
9.422566577802067300e-01
9.683029031299212885e-01
9.943420841331888083e-01
1.020388329482903478e+00
1.046427510486171109e+00
1.072466691489438517e+00
1.098512936839153298e+00
1.124552117842420929e+00
1.150598363192135265e+00
1.176637544195403118e+00
1.202676725198670526e+00
1.228722970548385085e+00
1.254762151551652938e+00
1.280808396901367274e+00
1.306847577904634905e+00
1.332886758907902536e+00
1.358933004257616872e+00
1.384972185260884947e+00
1.411018430610599284e+00
1.437057611613866692e+00
1.463096792617134323e+00
1.489143037966849104e+00
1.515182218970116512e+00
1.541228464319831071e+00
1.567267645323098701e+00
1.593306826326366110e+00
1.619353071676080891e+00
1.645392252679348521e+00
1.671438498029062858e+00
1.697477679032330933e+00
1.723516860035598341e+00
1.772055984472237222e+00
1.798095165475504853e+00
1.824141410825219634e+00
1.850180591828487042e+00
1.876219772831754673e+00
1.902266018181469454e+00
1.928305199184737084e+00
1.954351444534451199e+00
1.980390625537719052e+00
2.006429806540986682e+00
2.032476051890701019e+00
2.058515232893968427e+00
2.084561478243683208e+00
2.110600659246951061e+00
2.136639840250218469e+00
2.162686085599933250e+00
2.188725266603200659e+00
2.214771511952915439e+00
2.240810692956182848e+00
2.266849873959450701e+00
2.292896119309165037e+00
2.318935300312432890e+00
2.344981545662147226e+00
2.371020726665415079e+00
2.397059907668682488e+00
2.423106153018396380e+00
2.449145334021664677e+00
2.475191579371379014e+00
2.501230760374646422e+00
2.527269941377914719e+00
2.553316186727629056e+00
2.579355367730896020e+00
2.605401613080610801e+00
2.631440794083878654e+00
2.657479975087146062e+00
2.683526220436860843e+00
2.709565401440128696e+00
2.735611646789842588e+00
2.761650827793109997e+00
2.787690008796378294e+00
2.813736254146092630e+00
2.839775435149360039e+00
2.865821680499075264e+00
2.891860861502342228e+00
2.917900042505609637e+00
2.943946287855324861e+00
2.969985468858591826e+00
2.996031714208307051e+00
3.022070895211574904e+00
3.048110076214842312e+00
3.074156321564556205e+00
3.100195502567824501e+00
3.126241747917538394e+00
3.152280928920806247e+00
3.178320109924074544e+00
3.204366355273788436e+00
3.230405536277055845e+00
3.256451781626770625e+00
3.282490962630038034e+00
3.308530143633305887e+00
3.334576388983020667e+00
3.360615569986288520e+00
3.430489020692560675e+00
3.482574447045542421e+00
3.534659873398524610e+00
3.586745299751506799e+00
3.638830726104488988e+00
3.690909088111024250e+00
3.742994514464006439e+00
3.795079940816988184e+00
3.847165367169970818e+00
3.899250793522953007e+00
3.951329155529487824e+00
4.003414581882469570e+00
4.055500008235452647e+00
4.107585434588433948e+00
4.159670860941416137e+00
4.211749222947951843e+00
4.263834649300933144e+00
4.315920075653916221e+00
4.368005502006898411e+00
4.420090928359880600e+00
4.472169290366416305e+00
4.524254716719398495e+00
4.576340143072379796e+00
4.628425569425361985e+00
4.680510995778345062e+00
4.732589357784879880e+00
4.784674784137861181e+00
4.836760210490845147e+00
4.888845636843825559e+00
4.940931063196807749e+00
4.993009425203344342e+00
5.045094851556325644e+00
5.097180277909306945e+00
5.149265704262289134e+00
5.201351130615272211e+00
5.253429492621807029e+00
5.305514918974789218e+00
5.357600345327772295e+00
5.409685771680753597e+00
5.461771198033734898e+00
5.513849560040271491e+00
5.565934986393252792e+00
5.618020412746234982e+00
5.670105839099217171e+00
5.722191265452199360e+00
5.774269627458734178e+00
5.826355053811717255e+00
5.878440480164699444e+00
5.930525906517681634e+00
5.982611332870663823e+00
6.034689694877198640e+00
6.086775121230180829e+00
6.138860547583163907e+00
6.190945973936145208e+00
6.243031400289127397e+00
6.295109762295662215e+00
6.347195188648644404e+00
6.399280615001626593e+00
6.451366041354609671e+00
6.503451467707590972e+00
6.555529829714126677e+00
6.607615256067108866e+00
6.659700682420090168e+00
