   3.9199000e-01   3.4942000e-01
   4.1130000e-01   3.4168000e-01
   4.3061000e-01   3.3452000e-01
   4.4992000e-01   3.1243000e-01
   4.6924000e-01   2.7315000e-01
   4.8855000e-01   2.6320000e-01
   5.0786000e-01   2.4400000e-01
   5.2717000e-01   2.4753000e-01
   5.4648000e-01   2.4834000e-01
   5.6579000e-01   2.2906000e-01
   5.8510000e-01   2.4989000e-01
   6.0441000e-01   2.3223000e-01
   6.2373000e-01   2.4347000e-01
   6.4304000e-01   2.5280000e-01
   6.6235000e-01   2.6048000e-01
   6.8166000e-01   2.6504000e-01
   7.0097000e-01   2.6965000e-01
   7.2028000e-01   2.8695000e-01
   7.3959000e-01   2.8439000e-01
   7.5890000e-01   3.0345000e-01
   7.7821000e-01   3.4610000e-01
   7.9753000e-01   3.5111000e-01
   8.1684000e-01   3.7839000e-01
   8.3615000e-01   4.0014000e-01
   8.5546000e-01   4.1165000e-01
   8.7477000e-01   4.3106000e-01
   8.9408000e-01   4.6219000e-01
   9.1339000e-01   4.9108000e-01
   9.3270000e-01   4.8525000e-01
   9.5202000e-01   5.0495000e-01
   9.7133000e-01   5.3886000e-01
   9.9064000e-01   5.5752000e-01
   1.0099000e+00   5.8315000e-01
   1.0293000e+00   6.0575000e-01
   1.0486000e+00   6.1994000e-01
   1.0679000e+00   6.6018000e-01
   1.0872000e+00   6.9700000e-01
   1.1065000e+00   7.1238000e-01
   1.1258000e+00   7.3776000e-01
   1.1451000e+00   7.5696000e-01
   1.1644000e+00   7.6682000e-01
   1.1837000e+00   7.8536000e-01
   1.2031000e+00   8.0916000e-01
   1.2224000e+00   8.3415000e-01
   1.2417000e+00   8.4980000e-01
   1.2610000e+00   8.7663000e-01
   1.2803000e+00   8.7439000e-01
   1.2996000e+00   9.0201000e-01
   1.3189000e+00   9.0162000e-01
   1.3382000e+00   9.1556000e-01
   1.3576000e+00   9.2227000e-01
   1.3769000e+00   9.3095000e-01
   1.3962000e+00   9.7554000e-01
   1.4155000e+00   9.6251000e-01
   1.4348000e+00   9.9356000e-01
   1.4541000e+00   9.6146000e-01
   1.4734000e+00   9.7540000e-01
   1.4927000e+00   9.8961000e-01
   1.5120000e+00   1.0000000e+00
   1.5314000e+00   9.6659000e-01
   1.5507000e+00   9.8724000e-01
   1.5700000e+00   9.9960000e-01
   1.5893000e+00   9.6804000e-01
   1.6086000e+00   9.9369000e-01
   1.6279000e+00   9.6790000e-01
   1.6472000e+00   9.8040000e-01
   1.6665000e+00   9.7317000e-01
   1.6858000e+00   9.5488000e-01
   1.7052000e+00   9.7356000e-01
   1.7245000e+00   9.7593000e-01
   1.7438000e+00   9.5225000e-01
   1.7631000e+00   9.2173000e-01
   1.7824000e+00   9.1226000e-01
   1.8017000e+00   9.1174000e-01
   1.8210000e+00   9.1147000e-01
   1.8403000e+00   8.9674000e-01
   1.8596000e+00   8.9359000e-01
   1.8790000e+00   8.9280000e-01
   1.8983000e+00   9.0595000e-01
   1.9176000e+00   8.3163000e-01
   1.9369000e+00   8.6281000e-01
   1.9562000e+00   8.4978000e-01
   1.9755000e+00   8.2571000e-01
   1.9948000e+00   8.0966000e-01
   2.0141000e+00   8.3216000e-01
   2.0334000e+00   8.1453000e-01
   2.0528000e+00   8.1532000e-01
   2.0721000e+00   8.0559000e-01
   2.0914000e+00   8.2400000e-01
   2.1107000e+00   7.9796000e-01
   2.1300000e+00   7.8309000e-01
   2.1493000e+00   7.9296000e-01
   2.1686000e+00   7.8599000e-01
   2.1879000e+00   8.1545000e-01
   2.2072000e+00   8.0769000e-01
   2.2266000e+00   7.8217000e-01
   2.2459000e+00   7.7494000e-01
   2.2652000e+00   7.7902000e-01
   2.2845000e+00   7.5192000e-01
   2.3038000e+00   7.6126000e-01
   2.3231000e+00   7.5337000e-01
   2.3424000e+00   7.3443000e-01
   2.3617000e+00   7.4679000e-01
   2.3810000e+00   7.3285000e-01
   2.4004000e+00   7.5074000e-01
   2.4197000e+00   7.3666000e-01
   2.4390000e+00   7.1956000e-01
   2.4583000e+00   7.3180000e-01
   2.4776000e+00   7.2706000e-01
   2.4969000e+00   7.1812000e-01
   2.5162000e+00   6.8142000e-01
   2.5355000e+00   7.0536000e-01
   2.5548000e+00   7.2154000e-01
   2.5742000e+00   7.1614000e-01
   2.5935000e+00   7.2811000e-01
   2.6128000e+00   6.9746000e-01
   2.6321000e+00   6.8536000e-01
   2.6514000e+00   7.0023000e-01
   2.6707000e+00   6.9089000e-01
   2.6900000e+00   7.0601000e-01
   2.7093000e+00   6.8826000e-01
   2.7286000e+00   6.6603000e-01
   2.7480000e+00   6.9483000e-01
   2.7673000e+00   6.7313000e-01
   2.7866000e+00   6.6419000e-01
   2.8059000e+00   6.6787000e-01
   2.8252000e+00   6.5169000e-01
   2.8445000e+00   6.5945000e-01
   2.8638000e+00   6.7024000e-01
   2.8831000e+00   6.5314000e-01
   2.9024000e+00   6.3854000e-01
   2.9218000e+00   6.5090000e-01
   2.9411000e+00   6.5406000e-01
   2.9604000e+00   6.3946000e-01
   2.9797000e+00   6.5011000e-01
   2.9990000e+00   6.3722000e-01
   3.0183000e+00   6.3170000e-01
   3.0376000e+00   6.4025000e-01
   3.0569000e+00   6.0657000e-01
   3.0762000e+00   6.0552000e-01
   3.0956000e+00   5.9592000e-01
   3.1149000e+00   6.2301000e-01
   3.1342000e+00   6.1026000e-01
   3.1535000e+00   6.2551000e-01
   3.1728000e+00   5.9986000e-01
   3.1921000e+00   5.8513000e-01
   3.2114000e+00   5.7658000e-01
   3.2307000e+00   5.5948000e-01
   3.2500000e+00   5.6908000e-01
   3.2694000e+00   5.6040000e-01
   3.2887000e+00   5.6395000e-01
   3.3080000e+00   5.3712000e-01
   3.3273000e+00   5.3081000e-01
   3.3466000e+00   5.1792000e-01
   3.3659000e+00   5.2199000e-01
   3.3852000e+00   5.4054000e-01
   3.4045000e+00   5.2594000e-01
   3.4238000e+00   5.0818000e-01
   3.4432000e+00   5.0082000e-01
   3.4625000e+00   4.9122000e-01
   3.4818000e+00   4.7096000e-01
   3.5011000e+00   4.7070000e-01
   3.5204000e+00   4.6517000e-01
   3.5397000e+00   4.5452000e-01
   3.5590000e+00   4.2703000e-01
   3.5783000e+00   3.9125000e-01
   3.5976000e+00   4.1571000e-01
   3.6170000e+00   4.1348000e-01
   3.6363000e+00   4.5517000e-01
   3.6556000e+00   4.6728000e-01
   3.6749000e+00   4.5754000e-01
   3.6942000e+00   4.3939000e-01
   3.7135000e+00   4.5465000e-01
   3.7328000e+00   4.3505000e-01
   3.7521000e+00   4.3373000e-01
   3.7714000e+00   4.3189000e-01
   3.7908000e+00   4.3781000e-01
   3.8101000e+00   4.4570000e-01
   3.8294000e+00   4.0190000e-01
   3.8487000e+00   4.0098000e-01
   3.8680000e+00   3.9743000e-01
   3.8873000e+00   3.9638000e-01
   3.9066000e+00   3.9454000e-01
   3.9259000e+00   3.7928000e-01
   3.9452000e+00   3.9914000e-01
   3.9646000e+00   3.8967000e-01
   3.9839000e+00   3.6126000e-01
   4.0032000e+00   3.5152000e-01
   4.0225000e+00   3.5994000e-01
   4.0418000e+00   3.3192000e-01
   4.0611000e+00   3.3732000e-01
   4.0804000e+00   3.4310000e-01
   4.0997000e+00   3.6783000e-01
   4.1190000e+00   3.6191000e-01
   4.1384000e+00   3.5915000e-01
   4.1577000e+00   3.4574000e-01
   4.1770000e+00   3.5442000e-01
   4.1963000e+00   3.6113000e-01
   4.2156000e+00   3.4074000e-01
   4.2349000e+00   3.6099000e-01
   4.2542000e+00   3.5455000e-01
   4.2735000e+00   3.4218000e-01
   4.2929000e+00   3.6191000e-01
   4.3122000e+00   3.2337000e-01
   4.3315000e+00   3.2614000e-01
   4.3508000e+00   3.2180000e-01
   4.3701000e+00   3.2140000e-01
   4.3894000e+00   3.1535000e-01
   4.4087000e+00   3.0877000e-01
   4.4280000e+00   3.1404000e-01
   4.4473000e+00   3.0917000e-01
   4.4667000e+00   3.2364000e-01
   4.4860000e+00   3.1838000e-01
   4.5053000e+00   2.9996000e-01
   4.5246000e+00   2.9562000e-01
   4.5439000e+00   2.7707000e-01
   4.5632000e+00   2.7878000e-01
   4.5825000e+00   2.6958000e-01
   4.6018000e+00   2.6247000e-01
   4.6211000e+00   2.7747000e-01
   4.6405000e+00   2.4406000e-01
   4.6598000e+00   2.7168000e-01
   4.6791000e+00   2.5208000e-01
   4.6984000e+00   2.6195000e-01
   4.7177000e+00   2.4840000e-01
   4.7370000e+00   2.7523000e-01
   4.7563000e+00   2.5524000e-01
   4.7756000e+00   2.4340000e-01
   4.7949000e+00   2.4037000e-01
   4.8143000e+00   2.4077000e-01
   4.8336000e+00   2.2064000e-01
   4.8529000e+00   2.1972000e-01
   4.8722000e+00   2.2906000e-01
   4.8915000e+00   2.1341000e-01
   4.9108000e+00   2.1341000e-01
   4.9301000e+00   2.2617000e-01
   4.9494000e+00   2.3183000e-01
   4.9687000e+00   2.1946000e-01
   4.9881000e+00   2.1551000e-01
   5.0074000e+00   2.2433000e-01
   5.0267000e+00   1.9684000e-01
   5.0460000e+00   2.0946000e-01
   5.0653000e+00   2.0670000e-01
   5.0846000e+00   2.0368000e-01
   5.1039000e+00   2.0775000e-01
   5.1232000e+00   2.0407000e-01
   5.1425000e+00   1.9657000e-01
   5.1619000e+00   2.1025000e-01
   5.1812000e+00   2.0841000e-01
   5.2005000e+00   1.8697000e-01
   5.2198000e+00   2.0354000e-01
   5.2391000e+00   1.9447000e-01
   5.2584000e+00   1.8592000e-01
   5.2777000e+00   2.0946000e-01
   5.2970000e+00   2.0736000e-01
   5.3163000e+00   1.9407000e-01
   5.3357000e+00   1.8802000e-01
   5.3550000e+00   1.9947000e-01
   5.3743000e+00   1.9236000e-01
   5.3936000e+00   2.0447000e-01
   5.4129000e+00   1.7724000e-01
   5.4322000e+00   1.9565000e-01
   5.4515000e+00   1.7079000e-01
   5.4708000e+00   1.7408000e-01
   5.4901000e+00   1.7487000e-01
   5.5095000e+00   1.8460000e-01
   5.5288000e+00   1.7987000e-01
   5.5481000e+00   1.8815000e-01
   5.5674000e+00   1.5514000e-01
   5.5867000e+00   1.6382000e-01
   5.6060000e+00   1.6645000e-01
   5.6253000e+00   1.5974000e-01
   5.6446000e+00   1.5014000e-01
   5.6639000e+00   1.5567000e-01
   5.6833000e+00   1.6251000e-01
   5.7026000e+00   1.8276000e-01
   5.7219000e+00   1.5277000e-01
   5.7412000e+00   1.5567000e-01
   5.7605000e+00   1.4961000e-01
   5.7798000e+00   1.4462000e-01
   5.7991000e+00   1.4120000e-01
   5.8184000e+00   1.2475000e-01
   5.8377000e+00   1.4672000e-01
   5.8571000e+00   1.4120000e-01
   5.8764000e+00   1.3659000e-01
   5.8957000e+00   1.2923000e-01
   5.9150000e+00   1.2883000e-01
   5.9343000e+00   1.1528000e-01
   5.9536000e+00   1.1502000e-01
   5.9729000e+00   1.3357000e-01
   5.9922000e+00   1.3554000e-01
   6.0115000e+00   1.2239000e-01
   6.0309000e+00   1.1318000e-01
   6.0502000e+00   1.1962000e-01
   6.0695000e+00   1.1436000e-01
   6.0888000e+00   1.0950000e-01
   6.1081000e+00   1.0345000e-01
   6.1274000e+00   1.1094000e-01
   6.1467000e+00   1.1713000e-01
   6.1660000e+00   1.0187000e-01
   6.1853000e+00   1.0594000e-01
   6.2047000e+00   1.0805000e-01
   6.2240000e+00   1.2002000e-01
   6.2433000e+00   9.6869000e-02
   6.2626000e+00   9.5685000e-02
   6.2819000e+00   7.7796000e-02
   6.3012000e+00   9.5027000e-02
   6.3205000e+00   8.9634000e-02
   6.3398000e+00   1.0371000e-01
   6.3591000e+00   9.1081000e-02
   6.3785000e+00   8.8845000e-02
   6.3978000e+00   8.4373000e-02
   6.4171000e+00   7.8322000e-02
   6.4364000e+00   9.8447000e-02
   6.4557000e+00   8.4241000e-02
   6.4750000e+00   9.0160000e-02
   6.4943000e+00   7.4376000e-02
   6.5136000e+00   8.2531000e-02
   6.5329000e+00   1.0397000e-01
   6.5523000e+00   8.8450000e-02
   6.5716000e+00   6.7273000e-02
   6.5909000e+00   8.1084000e-02
   6.6102000e+00   8.9503000e-02
   6.6295000e+00   7.3192000e-02
   6.6488000e+00   6.8720000e-02
   6.6681000e+00   8.8713000e-02
   6.6874000e+00   7.9243000e-02
   6.7067000e+00   6.7536000e-02
   6.7261000e+00   7.8322000e-02
   6.7454000e+00   7.9374000e-02
   6.7647000e+00   7.3718000e-02
   6.7840000e+00   6.8457000e-02
   6.8033000e+00   7.1087000e-02
   6.8226000e+00   5.0042000e-02
   6.8419000e+00   5.7145000e-02
   6.8612000e+00   6.4511000e-02
   6.8805000e+00   6.7141000e-02
   6.8999000e+00   5.5435000e-02
   6.9192000e+00   5.5040000e-02
   6.9385000e+00   6.0696000e-02
   6.9578000e+00   6.2406000e-02
   6.9771000e+00   5.9249000e-02
   6.9964000e+00   6.3985000e-02
   7.0157000e+00   4.4912000e-02
   7.0350000e+00   5.9907000e-02
   7.0543000e+00   4.1623000e-02
   7.0737000e+00   5.1752000e-02
   7.0930000e+00   3.2679000e-02
   7.1123000e+00   5.7145000e-02
   7.1316000e+00   6.5826000e-02
   7.1509000e+00   5.2541000e-02
   7.1702000e+00   6.1617000e-02
   7.1895000e+00   6.3327000e-02
   7.2088000e+00   5.6750000e-02
   7.2281000e+00   5.3462000e-02
   7.2475000e+00   5.5829000e-02
   7.2668000e+00   5.4119000e-02
   7.2861000e+00   5.5698000e-02
   7.3054000e+00   4.5306000e-02
   7.3247000e+00   4.8858000e-02
   7.3440000e+00   4.5964000e-02
   7.3633000e+00   4.0176000e-02
   7.3826000e+00   5.4119000e-02
   7.4020000e+00   5.6224000e-02
   7.4213000e+00   4.9647000e-02
   7.4406000e+00   4.8200000e-02
   7.4599000e+00   4.3070000e-02
   7.4792000e+00   4.0571000e-02
   7.4985000e+00   3.8335000e-02
   7.5178000e+00   4.2149000e-02
   7.5371000e+00   5.4645000e-02
   7.5564000e+00   2.7680000e-02
   7.5758000e+00   3.8072000e-02
   7.5951000e+00   2.2024000e-02
   7.6144000e+00   3.5441000e-02
   7.6337000e+00   3.2284000e-02
   7.6530000e+00   4.0308000e-02
   7.6723000e+00   1.8604000e-02
   7.6916000e+00   3.5441000e-02
   7.7109000e+00   4.6096000e-02
   7.7302000e+00   3.1758000e-02
   7.7496000e+00   3.7414000e-02
   7.7689000e+00   3.8466000e-02
   7.7882000e+00   3.6756000e-02
   7.8075000e+00   3.3073000e-02
   7.8268000e+00   2.8996000e-02
   7.8461000e+00   1.9525000e-02
   7.8654000e+00   3.5046000e-02
   7.8847000e+00   3.9124000e-02
   7.9040000e+00   3.6230000e-02
   7.9234000e+00   9.2653000e-03
   7.9427000e+00   2.9522000e-02
   7.9620000e+00   3.6230000e-02
   7.9813000e+00   1.6894000e-02
   8.0006000e+00   1.8999000e-02
   8.0199000e+00   2.5970000e-02
   8.0392000e+00   3.2284000e-02
   8.0585000e+00   7.5554000e-03
   8.0778000e+00   3.8072000e-02
   8.0972000e+00   1.5579000e-02
   8.1165000e+00   1.6894000e-02
   8.1358000e+00   1.9525000e-02
   8.1551000e+00   2.0709000e-02
   8.1744000e+00   2.8338000e-02
   8.1937000e+00   2.5970000e-02
   8.2130000e+00   2.5576000e-02
   8.2323000e+00   9.9230000e-03
   8.2516000e+00   2.3471000e-02
   8.2710000e+00   1.2685000e-02
   8.2903000e+00   1.4001000e-02
   8.3096000e+00   3.0969000e-02
   8.3289000e+00   1.9525000e-02
   8.3482000e+00   1.8341000e-02
   8.3675000e+00   2.8996000e-02
   8.3868000e+00   2.2814000e-02
   8.4061000e+00   1.1501000e-02
   8.4254000e+00   1.4790000e-02
   8.4448000e+00   2.2945000e-02
   8.4641000e+00   2.1624000e-03
   8.4834000e+00   2.4787000e-02
   8.5027000e+00   5.4508000e-03
   8.5220000e+00   3.6493000e-02
   8.5413000e+00   6.3715000e-03
   8.5606000e+00   1.6368000e-02
   8.5799000e+00   3.2147000e-03
   8.5992000e+00   1.9394000e-02
   8.6186000e+00   1.3211000e-02
   8.6379000e+00   1.2422000e-02
   8.6572000e+00   1.5316000e-02
   8.6765000e+00   1.8210000e-02
   8.6958000e+00   2.7944000e-02
   8.7151000e+00   1.1101000e-03
   8.7344000e+00   1.3738000e-02
   8.7537000e+00   1.5579000e-02
   8.7730000e+00   2.1624000e-03
   8.7924000e+00   9.9230000e-03
   8.8117000e+00   9.8000000e-03
   8.8310000e+00   9.7000000e-03
   8.8503000e+00   9.6000000e-03
   8.8696000e+00   9.5000000e-03
   8.8889000e+00   9.4000000e-03
   8.9082000e+00   9.3000000e-03
   8.9275000e+00   9.2000000e-03
   8.9468000e+00   9.1000000e-03
   8.9662000e+00   9.0000000e-03
   8.9855000e+00   8.9000000e-03
   9.0048000e+00   8.8000000e-03
   9.0241000e+00   8.7000000e-03
   9.0434000e+00   8.6000000e-03
   9.0627000e+00   8.5000000e-03
   9.0820000e+00   8.4000000e-03
   9.1013000e+00   8.3000000e-03
   9.1206000e+00   8.2000000e-03
   9.1400000e+00   8.1000000e-03
   9.1593000e+00   8.0000000e-03
   9.1786000e+00   7.9000000e-03
   9.1979000e+00   7.8000000e-03
   9.2172000e+00   7.7000000e-03
   9.2365000e+00   7.6000000e-03
   9.2558000e+00   7.5000000e-03
   9.2751000e+00   7.4000000e-03
   9.2944000e+00   7.3000000e-03
   9.3138000e+00   7.2000000e-03
   9.3331000e+00   7.1000000e-03
   9.3524000e+00   7.0000000e-03
   9.3717000e+00   6.9000000e-03
   9.3910000e+00   6.8000000e-03
   9.4103000e+00   6.7000000e-03
   9.4296000e+00   6.6000000e-03
   9.4489000e+00   6.5000000e-03
   9.4682000e+00   6.4000000e-03
   9.4876000e+00   6.3000000e-03
   9.5069000e+00   6.2000000e-03
   9.5262000e+00   6.1000000e-03
   9.5455000e+00   6.0000000e-03
   9.5648000e+00   5.9000000e-03
   9.5841000e+00   5.8000000e-03
   9.6034000e+00   5.7000000e-03
   9.6227000e+00   5.6000000e-03
   9.6420000e+00   5.5000000e-03
   9.6614000e+00   5.4000000e-03
   9.6807000e+00   5.3000000e-03
   9.7000000e+00   5.2000000e-03
   9.7193000e+00   5.1000000e-03
   9.7386000e+00   5.0000000e-03
   9.7579000e+00   4.9000000e-03
   9.7772000e+00   4.8000000e-03
   9.7965000e+00   4.7000000e-03
   9.8158000e+00   4.6000000e-03
   9.8352000e+00   4.5000000e-03
   9.8545000e+00   4.4000000e-03
   9.8738000e+00   4.3000000e-03
   9.8931000e+00   4.2000000e-03
