   7.5192000e-02   0.0000000e+00
   8.4591000e-02   6.9976000e-01
   9.3990000e-02   6.1292000e-01
   1.0339000e-01   5.5422000e-01
   1.1279000e-01   4.4353000e-01
   1.2219000e-01   4.4643000e-01
   1.3159000e-01   3.7957000e-01
   1.4098000e-01   3.1331000e-01
   1.5038000e-01   2.7603000e-01
   1.5978000e-01   2.8273000e-01
   1.6918000e-01   2.4817000e-01
   1.7858000e-01   2.4622000e-01
   1.8798000e-01   2.3270000e-01
   1.9738000e-01   2.0644000e-01
   2.0678000e-01   2.0047000e-01
   2.1618000e-01   1.9737000e-01
   2.2558000e-01   1.7163000e-01
   2.3497000e-01   1.6269000e-01
   2.4437000e-01   1.7042000e-01
   2.5377000e-01   1.6154000e-01
   2.6317000e-01   1.6247000e-01
   2.7257000e-01   1.3125000e-01
   2.8197000e-01   1.3807000e-01
   2.9137000e-01   1.3236000e-01
   3.0077000e-01   1.3298000e-01
   3.1017000e-01   1.3128000e-01
   3.1956000e-01   1.2799000e-01
   3.2896000e-01   1.1922000e-01
   3.3836000e-01   1.1860000e-01
   3.4776000e-01   1.0551000e-01
   3.5716000e-01   1.1435000e-01
   3.6656000e-01   1.1714000e-01
   3.7596000e-01   1.0691000e-01
   3.8536000e-01   1.0266000e-01
   3.9476000e-01   1.0914000e-01
   4.0416000e-01   1.0405000e-01
   4.1355000e-01   1.1040000e-01
   4.2295000e-01   9.9707000e-02
   4.3235000e-01   1.0314000e-01
   4.4175000e-01   9.5226000e-02
   4.5115000e-01   9.2643000e-02
   4.6055000e-01   9.6120000e-02
   4.6995000e-01   1.0363000e-01
   4.7935000e-01   9.7970000e-02
   4.8875000e-01   9.0225000e-02
   4.9815000e-01   8.9707000e-02
   5.0754000e-01   1.0753000e-01
   5.1694000e-01   8.4441000e-02
   5.2634000e-01   9.8599000e-02
   5.3574000e-01   7.3079000e-02
   5.4514000e-01   9.4270000e-02
   5.5454000e-01   9.2605000e-02
   5.6394000e-01   1.0422000e-01
   5.7334000e-01   1.0130000e-01
   5.8274000e-01   1.0904000e-01
   5.9214000e-01   1.0415000e-01
   6.0153000e-01   1.1339000e-01
   6.1093000e-01   1.3366000e-01
   6.2033000e-01   1.2757000e-01
   6.2973000e-01   1.3023000e-01
   6.3913000e-01   1.2897000e-01
   6.4853000e-01   1.4597000e-01
   6.5793000e-01   1.4620000e-01
   6.6733000e-01   1.5987000e-01
   6.7673000e-01   1.6767000e-01
   6.8612000e-01   1.8375000e-01
   6.9552000e-01   1.9552000e-01
   7.0492000e-01   2.1993000e-01
   7.1432000e-01   2.4449000e-01
   7.2372000e-01   2.4693000e-01
   7.3312000e-01   2.4422000e-01
   7.4252000e-01   2.8232000e-01
   7.5192000e-01   2.8975000e-01
   7.6132000e-01   3.1862000e-01
   7.7072000e-01   3.5848000e-01
   7.8011000e-01   3.6773000e-01
   7.8951000e-01   3.8664000e-01
   7.9891000e-01   4.0971000e-01
   8.0831000e-01   4.2373000e-01
   8.1771000e-01   4.3164000e-01
   8.2711000e-01   4.7701000e-01
   8.3651000e-01   4.9741000e-01
   8.4591000e-01   5.2473000e-01
   8.5531000e-01   5.4769000e-01
   8.6471000e-01   5.9389000e-01
   8.7410000e-01   5.7834000e-01
   8.8350000e-01   6.0656000e-01
   8.9290000e-01   6.2980000e-01
   9.0230000e-01   6.2542000e-01
   9.1170000e-01   6.3415000e-01
   9.2110000e-01   6.1345000e-01
   9.3050000e-01   6.4338000e-01
   9.3990000e-01   5.8987000e-01
   9.4930000e-01   6.1876000e-01
   9.5869000e-01   6.4752000e-01
   9.6809000e-01   6.4582000e-01
   9.7749000e-01   6.7040000e-01
   9.8689000e-01   6.9355000e-01
   9.9629000e-01   6.8114000e-01
   1.0057000e+00   7.2460000e-01
   1.0151000e+00   8.0055000e-01
   1.0245000e+00   7.9108000e-01
   1.0339000e+00   8.0856000e-01
   1.0433000e+00   8.2700000e-01
   1.0527000e+00   8.5564000e-01
   1.0621000e+00   8.5914000e-01
   1.0715000e+00   8.6892000e-01
   1.0809000e+00   8.9052000e-01
   1.0903000e+00   8.9470000e-01
   1.0997000e+00   9.2834000e-01
   1.1091000e+00   9.1750000e-01
   1.1185000e+00   9.3247000e-01
   1.1279000e+00   9.6305000e-01
   1.1373000e+00   9.7374000e-01
   1.1467000e+00   1.0000000e+00
   1.1561000e+00   9.7895000e-01
   1.1655000e+00   9.6995000e-01
   1.1749000e+00   9.2939000e-01
   1.1843000e+00   9.3023000e-01
   1.1937000e+00   9.2435000e-01
   1.2031000e+00   9.2300000e-01
   1.2125000e+00   9.0790000e-01
   1.2219000e+00   8.8838000e-01
   1.2313000e+00   8.5582000e-01
   1.2407000e+00   8.7162000e-01
   1.2501000e+00   8.3571000e-01
   1.2595000e+00   8.0916000e-01
   1.2689000e+00   7.9765000e-01
   1.2783000e+00   8.1513000e-01
   1.2877000e+00   8.3734000e-01
   1.2971000e+00   8.2559000e-01
   1.3065000e+00   8.1167000e-01
   1.3159000e+00   8.0793000e-01
   1.3253000e+00   7.9409000e-01
   1.3347000e+00   7.9831000e-01
   1.3441000e+00   8.3251000e-01
   1.3535000e+00   8.5594000e-01
   1.3629000e+00   8.4754000e-01
   1.3722000e+00   8.6811000e-01
   1.3816000e+00   8.2676000e-01
   1.3910000e+00   8.1092000e-01
   1.4004000e+00   7.9827000e-01
   1.4098000e+00   7.5902000e-01
   1.4192000e+00   7.3614000e-01
   1.4286000e+00   7.2582000e-01
   1.4380000e+00   7.2553000e-01
   1.4474000e+00   7.3838000e-01
   1.4568000e+00   6.9067000e-01
   1.4662000e+00   6.8796000e-01
   1.4756000e+00   7.0396000e-01
   1.4850000e+00   6.8880000e-01
   1.4944000e+00   6.6995000e-01
   1.5038000e+00   6.2593000e-01
   1.5132000e+00   6.0748000e-01
   1.5226000e+00   6.1018000e-01
   1.5320000e+00   5.8774000e-01
   1.5414000e+00   5.7681000e-01
   1.5508000e+00   6.0838000e-01
   1.5602000e+00   6.2938000e-01
   1.5696000e+00   6.3055000e-01
   1.5790000e+00   6.5494000e-01
   1.5884000e+00   6.5735000e-01
   1.5978000e+00   6.8572000e-01
   1.6072000e+00   7.0326000e-01
   1.6166000e+00   7.4024000e-01
   1.6260000e+00   7.4263000e-01
   1.6354000e+00   7.2467000e-01
   1.6448000e+00   7.2184000e-01
   1.6542000e+00   7.2827000e-01
   1.6636000e+00   7.4947000e-01
   1.6730000e+00   7.3927000e-01
   1.6824000e+00   7.2816000e-01
   1.6918000e+00   7.0231000e-01
   1.7012000e+00   6.8386000e-01
   1.7106000e+00   6.7496000e-01
   1.7200000e+00   6.2615000e-01
   1.7294000e+00   6.0255000e-01
   1.7388000e+00   6.1060000e-01
   1.7482000e+00   5.9164000e-01
   1.7576000e+00   5.6749000e-01
   1.7670000e+00   5.4705000e-01
   1.7764000e+00   5.2386000e-01
   1.7858000e+00   4.8630000e-01
   1.7952000e+00   4.9562000e-01
   1.8046000e+00   4.7218000e-01
   1.8140000e+00   4.8028000e-01
   1.8234000e+00   4.3852000e-01
   1.8328000e+00   4.4816000e-01
   1.8422000e+00   4.1225000e-01
   1.8516000e+00   4.1212000e-01
   1.8610000e+00   4.0344000e-01
   1.8704000e+00   3.6911000e-01
   1.8798000e+00   3.6595000e-01
   1.8892000e+00   3.5791000e-01
   1.8986000e+00   3.8040000e-01
   1.9080000e+00   3.8700000e-01
   1.9174000e+00   4.0917000e-01
   1.9268000e+00   4.2584000e-01
   1.9362000e+00   4.4494000e-01
   1.9456000e+00   4.2928000e-01
   1.9550000e+00   4.2125000e-01
   1.9644000e+00   4.1079000e-01
   1.9738000e+00   4.0918000e-01
   1.9832000e+00   4.0025000e-01
   1.9926000e+00   3.9529000e-01
   2.0020000e+00   3.8516000e-01
   2.0114000e+00   3.6682000e-01
   2.0208000e+00   3.5579000e-01
   2.0302000e+00   3.3594000e-01
   2.0396000e+00   2.8751000e-01
   2.0490000e+00   2.8594000e-01
   2.0584000e+00   2.7068000e-01
   2.0678000e+00   2.8492000e-01
   2.0772000e+00   2.6815000e-01
   2.0866000e+00   2.8512000e-01
   2.0960000e+00   3.0056000e-01
   2.1054000e+00   3.1327000e-01
   2.1148000e+00   2.8467000e-01
   2.1242000e+00   3.0861000e-01
   2.1336000e+00   2.8791000e-01
   2.1430000e+00   2.9728000e-01
   2.1524000e+00   2.7508000e-01
   2.1618000e+00   2.6350000e-01
   2.1712000e+00   2.5588000e-01
   2.1806000e+00   2.7131000e-01
   2.1900000e+00   2.5186000e-01
   2.1994000e+00   2.7427000e-01
   2.2088000e+00   2.7484000e-01
   2.2182000e+00   2.9785000e-01
   2.2276000e+00   2.8356000e-01
   2.2370000e+00   2.8565000e-01
   2.2464000e+00   2.7894000e-01
   2.2558000e+00   2.7679000e-01
   2.2652000e+00   2.7524000e-01
   2.2746000e+00   2.8339000e-01
   2.2839000e+00   2.5427000e-01
   2.2933000e+00   2.4122000e-01
   2.3027000e+00   2.3150000e-01
   2.3121000e+00   2.1269000e-01
   2.3215000e+00   2.2055000e-01
   2.3309000e+00   2.2809000e-01
   2.3403000e+00   2.2080000e-01
   2.3497000e+00   2.1927000e-01
   2.3591000e+00   2.1471000e-01
   2.3685000e+00   2.2922000e-01
   2.3779000e+00   2.2102000e-01
   2.3873000e+00   2.2615000e-01
   2.3967000e+00   2.1584000e-01
   2.4061000e+00   2.0977000e-01
   2.4155000e+00   2.0612000e-01
   2.4249000e+00   1.8493000e-01
   2.4343000e+00   2.0185000e-01
   2.4437000e+00   1.9004000e-01
   2.4531000e+00   2.0212000e-01
   2.4625000e+00   1.9273000e-01
   2.4719000e+00   1.9302000e-01
   2.4813000e+00   1.7335000e-01
   2.4907000e+00   1.7243000e-01
   2.5001000e+00   1.7363000e-01
   2.5095000e+00   1.5487000e-01
   2.5189000e+00   1.6574000e-01
   2.5283000e+00   1.6301000e-01
   2.5377000e+00   1.5212000e-01
   2.5471000e+00   1.2793000e-01
   2.5565000e+00   1.3638000e-01
   2.5659000e+00   1.4151000e-01
   2.5753000e+00   1.4332000e-01
   2.5847000e+00   1.5238000e-01
   2.5941000e+00   1.4783000e-01
   2.6035000e+00   1.5357000e-01
   2.6129000e+00   1.5416000e-01
   2.6223000e+00   1.6171000e-01
   2.6317000e+00   1.5264000e-01
   2.6411000e+00   1.5897000e-01
   2.6505000e+00   1.3178000e-01
   2.6599000e+00   1.6319000e-01
   2.6693000e+00   1.2421000e-01
   2.6787000e+00   1.3689000e-01
   2.6881000e+00   1.3266000e-01
   2.6975000e+00   1.4292000e-01
   2.7069000e+00   1.3174000e-01
   2.7163000e+00   1.3566000e-01
   2.7257000e+00   1.1995000e-01
   2.7351000e+00   1.1391000e-01
   2.7445000e+00   1.2236000e-01
   2.7539000e+00   1.0907000e-01
   2.7633000e+00   1.1088000e-01
   2.7727000e+00   1.1117000e-01
   2.7821000e+00   1.0755000e-01
   2.7915000e+00   1.0724000e-01
   2.8009000e+00   1.1569000e-01
   2.8103000e+00   9.8478000e-02
   2.8197000e+00   1.0331000e-01
   2.8291000e+00   9.5453000e-02
   2.8385000e+00   9.4544000e-02
   2.8479000e+00   1.0601000e-01
   2.8573000e+00   9.6953000e-02
   2.8667000e+00   1.1204000e-01
   2.8761000e+00   8.8194000e-02
   2.8855000e+00   9.9057000e-02
   2.8949000e+00   1.0147000e-01
   2.9043000e+00   9.6939000e-02
   2.9137000e+00   9.0901000e-02
   2.9231000e+00   9.4218000e-02
   2.9325000e+00   9.7837000e-02
   2.9419000e+00   9.0290000e-02
   2.9513000e+00   8.0329000e-02
   2.9607000e+00   7.7310000e-02
   2.9701000e+00   6.9764000e-02
   2.9795000e+00   6.9159000e-02
   2.9889000e+00   6.1312000e-02
   2.9983000e+00   5.5578000e-02
   3.0077000e+00   6.8853000e-02
   3.0171000e+00   6.8248000e-02
   3.0265000e+00   7.1565000e-02
   3.0359000e+00   6.4926000e-02
   3.0453000e+00   6.3114000e-02
   3.0547000e+00   7.0052000e-02
   3.0641000e+00   7.7292000e-02
   3.0735000e+00   5.4965000e-02
   3.0829000e+00   5.8584000e-02
   3.0923000e+00   5.0136000e-02
   3.1017000e+00   5.0437000e-02
   3.1111000e+00   4.9833000e-02
   3.1205000e+00   5.5865000e-02
   3.1299000e+00   5.4356000e-02
   3.1393000e+00   5.3752000e-02
   3.1487000e+00   5.9784000e-02
   3.1581000e+00   6.4006000e-02
   3.1675000e+00   6.7323000e-02
   3.1769000e+00   5.6463000e-02
   3.1863000e+00   5.7065000e-02
   3.1956000e+00   5.0730000e-02
   3.2050000e+00   5.5254000e-02
   3.2144000e+00   5.8270000e-02
   3.2238000e+00   6.2190000e-02
   3.2332000e+00   5.9474000e-02
   3.2426000e+00   5.6759000e-02
   3.2520000e+00   6.2187000e-02
   3.2614000e+00   5.6456000e-02
   3.2708000e+00   5.0424000e-02
   3.2802000e+00   5.2836000e-02
   3.2896000e+00   4.7708000e-02
   3.2990000e+00   5.4342000e-02
   3.3084000e+00   4.9818000e-02
   3.3178000e+00   4.8310000e-02
   3.3272000e+00   5.2230000e-02
   3.3366000e+00   4.8912000e-02
   3.3460000e+00   4.8308000e-02
   3.3554000e+00   4.2276000e-02
   3.3648000e+00   4.7402000e-02
   3.3742000e+00   4.8307000e-02
   3.3836000e+00   4.4084000e-02
   3.3930000e+00   4.1370000e-02
   3.4024000e+00   3.2323000e-02
   3.4118000e+00   3.9861000e-02
   3.4212000e+00   3.9861000e-02
   3.4306000e+00   3.8353000e-02
   3.4400000e+00   3.7146000e-02
   3.4494000e+00   3.4734000e-02
   3.4588000e+00   3.8955000e-02
   3.4682000e+00   3.4431000e-02
   3.4776000e+00   3.7145000e-02
   3.4870000e+00   2.8702000e-02
   3.4964000e+00   2.3877000e-02
   3.5058000e+00   2.6289000e-02
   3.5152000e+00   2.8098000e-02
   3.5246000e+00   2.2972000e-02
   3.5340000e+00   3.4430000e-02
   3.5434000e+00   3.1716000e-02
   3.5528000e+00   2.9303000e-02
   3.5622000e+00   2.0257000e-02
   3.5716000e+00   2.1463000e-02
   3.5810000e+00   1.8750000e-02
   3.5904000e+00   1.9352000e-02
   3.5998000e+00   2.0860000e-02
   3.6092000e+00   2.7493000e-02
   3.6186000e+00   3.3825000e-02
   3.6280000e+00   1.7844000e-02
   3.6374000e+00   2.6890000e-02
   3.6468000e+00   2.6889000e-02
   3.6562000e+00   2.7794000e-02
   3.6656000e+00   3.2015000e-02
   3.6750000e+00   3.4728000e-02
   3.6844000e+00   3.0507000e-02
   3.6938000e+00   3.3823000e-02
   3.7032000e+00   2.6587000e-02
   3.7126000e+00   2.8396000e-02
   3.7220000e+00   3.0205000e-02
   3.7314000e+00   2.5984000e-02
   3.7408000e+00   2.8697000e-02
   3.7502000e+00   2.2667000e-02
   3.7596000e+00   2.3572000e-02
   3.7690000e+00   2.6888000e-02
   3.7784000e+00   2.6888000e-02
   3.7878000e+00   2.3270000e-02
   3.7972000e+00   2.6586000e-02
   3.8066000e+00   1.7541000e-02
   3.8160000e+00   2.5681000e-02
   3.8254000e+00   2.8998000e-02
   3.8348000e+00   2.2365000e-02
   3.8442000e+00   2.3269000e-02
   3.8536000e+00   2.1159000e-02
   3.8630000e+00   2.2666000e-02
   3.8724000e+00   1.6938000e-02
   3.8818000e+00   1.6033000e-02
   3.8912000e+00   1.6938000e-02
   3.9006000e+00   2.2063000e-02
   3.9100000e+00   1.3923000e-02
   3.9194000e+00   1.9048000e-02
   3.9288000e+00   1.7842000e-02
   3.9382000e+00   1.5129000e-02
   3.9476000e+00   1.6636000e-02
   3.9570000e+00   1.6334000e-02
   3.9664000e+00   2.2364000e-02
   3.9758000e+00   1.2415000e-02
   3.9852000e+00   1.6334000e-02
   3.9946000e+00   1.8143000e-02
   4.0040000e+00   7.8930000e-03
   4.0134000e+00   8.7973000e-03
   4.0228000e+00   1.5731000e-02
   4.0322000e+00   1.2716000e-02
   4.0416000e+00   1.5731000e-02
   4.0510000e+00   1.0606000e-02
   4.0604000e+00   6.6869000e-03
   4.0698000e+00   1.2716000e-02
   4.0792000e+00   1.0907000e-02
   4.0886000e+00   1.4525000e-02
   4.0980000e+00   1.3319000e-02
   4.1073000e+00   1.8444000e-02
   4.1167000e+00   2.5981000e-02
   4.1261000e+00   1.6032000e-02
   4.1355000e+00   1.3319000e-02
   4.1449000e+00   7.8926000e-03
   4.1543000e+00   9.7014000e-03
   4.1637000e+00   1.0003000e-02
   4.1731000e+00   9.3999000e-03
   4.1825000e+00   1.0907000e-02
   4.1919000e+00   1.4525000e-02
   4.2013000e+00   1.7238000e-02
   4.2107000e+00   1.7539000e-02
   4.2201000e+00   1.3922000e-02
   4.2295000e+00   1.6333000e-02
   4.2389000e+00   1.4826000e-02
   4.2483000e+00   1.7539000e-02
   4.2577000e+00   1.1510000e-02
   4.2671000e+00   9.7012000e-03
   4.2765000e+00   1.7238000e-02
   4.2859000e+00   1.0606000e-02
   4.2953000e+00   1.2113000e-02
   4.3047000e+00   1.0003000e-02
   4.3141000e+00   8.4953000e-03
   4.3235000e+00   7.8923000e-03
   4.3329000e+00   6.6865000e-03
   4.3423000e+00   1.2414000e-02
   4.3517000e+00   1.0605000e-02
   4.3611000e+00   1.3318000e-02
   4.3705000e+00   2.2061000e-02
   4.3799000e+00   1.4223000e-02
   4.3893000e+00   9.7010000e-03
   4.3987000e+00   1.3318000e-02
   4.4081000e+00   1.1510000e-02
   4.4175000e+00   1.2113000e-02
   4.4269000e+00   1.0605000e-02
   4.4363000e+00   1.2113000e-02
   4.4457000e+00   1.1811000e-02
   4.4551000e+00   5.1791000e-03
   4.4645000e+00   1.3017000e-02
   4.4739000e+00   1.1510000e-02
   4.4833000e+00   4.8777000e-03
   4.4927000e+00   8.1936000e-03
   4.5021000e+00   7.5907000e-03
   4.5115000e+00   1.1208000e-02
   4.5209000e+00   6.9878000e-03
   4.5303000e+00   1.1811000e-02
   4.5397000e+00   8.7965000e-03
   4.5491000e+00   9.3994000e-03
   4.5585000e+00   6.5728000e-04
   4.5679000e+00   8.4950000e-03
   4.5773000e+00   5.1790000e-03
   4.5867000e+00   4.8776000e-03
   4.5961000e+00   2.4660000e-03
   4.6055000e+00   4.2747000e-03
   4.6149000e+00   6.3848000e-03
   4.6243000e+00   6.9877000e-03
   4.6337000e+00   1.0605000e-02
   4.6431000e+00   5.4805000e-03
   4.6525000e+00   3.6718000e-03
   4.6619000e+00   6.3848000e-03
   4.6713000e+00   8.4950000e-03
   4.6807000e+00   3.0689000e-03
   4.6901000e+00   1.0605000e-02
   4.6995000e+00   8.1935000e-03
   4.7089000e+00   6.3848000e-03
   4.7183000e+00   3.6717000e-03
   4.7277000e+00   3.0688000e-03
   4.7371000e+00   5.4804000e-03
   4.7465000e+00   7.8920000e-03
   4.7559000e+00   1.0907000e-02
   4.7653000e+00   9.5868000e-04
   4.7747000e+00   1.3017000e-02
   4.7841000e+00   7.8920000e-03
   4.7935000e+00   5.1790000e-03
   4.8029000e+00   6.3847000e-03
   4.8123000e+00   2.1645000e-03
   4.8217000e+00   2.7674000e-03
   4.8311000e+00   1.7544000e-03
   4.8405000e+00   9.5866000e-04
   4.8499000e+00   5.1789000e-03
   4.8593000e+00   5.1789000e-03
   4.8687000e+00   8.7963000e-03
   4.8781000e+00   3.3702000e-03
   4.8875000e+00   4.5760000e-03
   4.8969000e+00   3.6717000e-03
   4.9063000e+00   2.4659000e-03
   4.9157000e+00   2.1644000e-03
   4.9251000e+00   2.7673000e-03
   4.9345000e+00   6.5720000e-04
   4.9439000e+00   3.6717000e-03
   4.9533000e+00   8.4948000e-03
   4.9627000e+00   5.7818000e-03
   4.9721000e+00   1.2414000e-02
   4.9815000e+00   0.0000000e+00
   4.9909000e+00   4.2746000e-03
   5.0003000e+00   4.8774000e-03
   5.0097000e+00   1.5615000e-03
   5.0190000e+00   3.6717000e-03
   5.0284000e+00   6.5719000e-04
   5.0378000e+00   6.5719000e-04
   5.0472000e+00   1.2601000e-03
   5.0566000e+00   2.7673000e-03
   5.0660000e+00   5.1789000e-03
   5.0754000e+00   0.0000000e+00
   5.0848000e+00   0.0000000e+00
   5.0942000e+00   6.5719000e-04
   5.1036000e+00   0.0000000e+00
   5.1130000e+00   7.8919000e-03
   5.1224000e+00   4.5760000e-03
   5.1318000e+00   2.1644000e-03
   5.1412000e+00   0.0000000e+00
   5.1506000e+00   0.0000000e+00
   5.1600000e+00   3.3702000e-03
   5.1694000e+00   4.2745000e-03
   5.1788000e+00   6.5718000e-04
   5.1882000e+00   3.3702000e-03
   5.1976000e+00   0.0000000e+00
   5.2070000e+00   1.8630000e-03
   5.2164000e+00   1.8630000e-03
   5.2258000e+00   0.0000000e+00
   5.2352000e+00   3.9731000e-03
   5.2446000e+00   0.0000000e+00
   5.2540000e+00   3.6716000e-03
   5.2634000e+00   3.9731000e-03
   5.2728000e+00   3.3702000e-03
   5.2822000e+00   0.0000000e+00
   5.2916000e+00   0.0000000e+00
   5.3010000e+00   9.5862000e-04
   5.3104000e+00   5.7817000e-03
   5.3198000e+00   6.6861000e-03
   5.3292000e+00   3.6716000e-03
   5.3386000e+00   0.0000000e+00
   5.3480000e+00   6.3846000e-03
   5.3574000e+00   0.0000000e+00
   5.3668000e+00   2.7673000e-03
   5.3762000e+00   0.0000000e+00
   5.3856000e+00   5.4300000e-05
   5.3950000e+00   9.5861000e-04
   5.4044000e+00   0.0000000e+00
   5.4138000e+00   2.1644000e-03
   5.4232000e+00   0.0000000e+00
   5.4326000e+00   0.0000000e+00
   5.4420000e+00   5.4300000e-05
   5.4514000e+00   1.8629000e-03
   5.4608000e+00   0.0000000e+00
   5.4702000e+00   0.0000000e+00
   5.4796000e+00   6.5716000e-04
   5.4890000e+00   2.7673000e-03
   5.4984000e+00   3.0687000e-03
   5.5078000e+00   2.1644000e-03
   5.5172000e+00   0.0000000e+00
   5.5266000e+00   0.0000000e+00
   5.5360000e+00   5.1788000e-03
   5.5454000e+00   0.0000000e+00
   5.5548000e+00   4.5759000e-03
   5.5642000e+00   5.4803000e-03
   5.5736000e+00   1.5615000e-03
   5.5830000e+00   6.6861000e-03
   5.5924000e+00   0.0000000e+00
   5.6018000e+00   3.5571000e-04
   5.6112000e+00   9.5860000e-04
   5.6206000e+00   3.9730000e-03
   5.6300000e+00   0.0000000e+00
   5.6394000e+00   0.0000000e+00
   5.6488000e+00   0.0000000e+00
   5.6582000e+00   0.0000000e+00
   5.6676000e+00   3.9730000e-03
   5.6770000e+00   6.9875000e-03
   5.6864000e+00   0.0000000e+00
   5.6958000e+00   0.0000000e+00
   5.7052000e+00   5.4300000e-05
   5.7146000e+00   0.0000000e+00
   5.7240000e+00   5.4300000e-05
   5.7334000e+00   4.8774000e-03
   5.7428000e+00   0.0000000e+00
   5.7522000e+00   0.0000000e+00
   5.7616000e+00   2.4658000e-03
   5.7710000e+00   0.0000000e+00
   5.7804000e+00   2.4658000e-03
   5.7898000e+00   0.0000000e+00
   5.7992000e+00   1.2600000e-03
   5.8086000e+00   0.0000000e+00
   5.8180000e+00   0.0000000e+00
   5.8274000e+00   0.0000000e+00
   5.8368000e+00   0.0000000e+00
   5.8462000e+00   1.2600000e-03
   5.8556000e+00   5.4803000e-03
   5.8650000e+00   0.0000000e+00
   5.8744000e+00   5.4300000e-05
   5.8838000e+00   1.5615000e-03
   5.8932000e+00   3.5571000e-04
   5.9026000e+00   3.5571000e-04
   5.9120000e+00   0.0000000e+00
   5.9214000e+00   0.0000000e+00
   5.9307000e+00   0.0000000e+00
   5.9307000e+00   0.0000000e+00
