   7.8878000e-01   0.0000000e+00
   8.1036000e-01   0.0000000e+00
   8.3194000e-01   2.8697000e-04
   8.5351000e-01   2.2001000e-03
   8.7509000e-01   3.6350000e-03
   8.9667000e-01   1.1479000e-03
   9.1825000e-01   2.3914000e-03
   9.3983000e-01   5.9307000e-03
   9.6141000e-01   8.4178000e-03
   9.8298000e-01   4.6872000e-03
   1.0046000e+00   8.8005000e-03
   1.0261000e+00   1.1861000e-02
   1.0477000e+00   1.5783000e-02
   1.0693000e+00   2.1332000e-02
   1.0909000e+00   3.1949000e-02
   1.1125000e+00   3.8837000e-02
   1.1340000e+00   4.0654000e-02
   1.1556000e+00   4.0559000e-02
   1.1772000e+00   4.4863000e-02
   1.1988000e+00   5.6342000e-02
   1.2203000e+00   6.4664000e-02
   1.2419000e+00   8.1596000e-02
   1.2635000e+00   8.3126000e-02
   1.2851000e+00   8.6857000e-02
   1.3067000e+00   9.9675000e-02
   1.3282000e+00   1.1259000e-01
   1.3498000e+00   1.2598000e-01
   1.3714000e+00   1.2627000e-01
   1.3930000e+00   1.3909000e-01
   1.4146000e+00   1.5324000e-01
   1.4361000e+00   1.6903000e-01
   1.4577000e+00   1.7132000e-01
   1.4793000e+00   1.8165000e-01
   1.5009000e+00   1.8557000e-01
   1.5224000e+00   1.9170000e-01
   1.5440000e+00   2.0700000e-01
   1.5656000e+00   2.1647000e-01
   1.5872000e+00   2.3293000e-01
   1.6088000e+00   2.5320000e-01
   1.6303000e+00   2.5875000e-01
   1.6519000e+00   2.7368000e-01
   1.6735000e+00   2.9328000e-01
   1.6951000e+00   2.9175000e-01
   1.7166000e+00   3.0639000e-01
   1.7382000e+00   3.3040000e-01
   1.7598000e+00   3.4035000e-01
   1.7814000e+00   3.5259000e-01
   1.8030000e+00   3.7220000e-01
   1.8245000e+00   3.9344000e-01
   1.8461000e+00   4.1305000e-01
   1.8677000e+00   4.3132000e-01
   1.8893000e+00   4.5169000e-01
   1.9109000e+00   4.3888000e-01
   1.9324000e+00   4.6977000e-01
   1.9540000e+00   4.6872000e-01
   1.9756000e+00   5.0182000e-01
   1.9972000e+00   5.2822000e-01
   2.0187000e+00   5.1684000e-01
   2.0403000e+00   5.4993000e-01
   2.0619000e+00   5.6112000e-01
   2.0835000e+00   5.7069000e-01
   2.1051000e+00   5.8427000e-01
   2.1266000e+00   6.1661000e-01
   2.1482000e+00   6.3775000e-01
   2.1698000e+00   6.5209000e-01
   2.1914000e+00   6.8672000e-01
   2.2130000e+00   6.9399000e-01
   2.2345000e+00   7.2183000e-01
   2.2561000e+00   7.4364000e-01
   2.2777000e+00   7.4976000e-01
   2.2993000e+00   7.6564000e-01
   2.3208000e+00   7.7874000e-01
   2.3424000e+00   8.0314000e-01
   2.3640000e+00   8.0113000e-01
   2.3856000e+00   8.3910000e-01
   2.4072000e+00   8.5498000e-01
   2.4287000e+00   8.7632000e-01
   2.4503000e+00   8.7890000e-01
   2.4719000e+00   9.0511000e-01
   2.4935000e+00   9.2797000e-01
   2.5150000e+00   9.3687000e-01
   2.5366000e+00   9.4241000e-01
   2.5582000e+00   9.5868000e-01
   2.5798000e+00   9.7197000e-01
   2.6014000e+00   9.6442000e-01
   2.6229000e+00   9.7408000e-01
   2.6445000e+00   9.5973000e-01
   2.6661000e+00   9.5782000e-01
   2.6877000e+00   9.6872000e-01
   2.7093000e+00   9.7063000e-01
   2.7308000e+00   9.6719000e-01
   2.7524000e+00   9.7092000e-01
   2.7740000e+00   9.5093000e-01
   2.7956000e+00   9.7723000e-01
   2.8171000e+00   9.9550000e-01
   2.8387000e+00   9.7972000e-01
   2.8603000e+00   9.6729000e-01
   2.8819000e+00   9.7389000e-01
   2.9035000e+00   9.7054000e-01
   2.9250000e+00   9.8881000e-01
   2.9466000e+00   1.0000000e+00
   2.9682000e+00   9.7398000e-01
   2.9898000e+00   9.8747000e-01
   3.0114000e+00   9.7647000e-01
   3.0329000e+00   9.8345000e-01
   3.0545000e+00   9.8967000e-01
   3.0761000e+00   9.5284000e-01
   3.0977000e+00   9.5657000e-01
   3.1192000e+00   9.6088000e-01
   3.1408000e+00   9.3036000e-01
   3.1624000e+00   9.2682000e-01
   3.1840000e+00   9.0893000e-01
   3.2056000e+00   9.2070000e-01
   3.2271000e+00   9.0970000e-01
   3.2487000e+00   9.0922000e-01
   3.2703000e+00   9.0951000e-01
   3.2919000e+00   8.7861000e-01
   3.3134000e+00   8.8894000e-01
   3.3350000e+00   8.9277000e-01
   3.3566000e+00   8.9573000e-01
   3.3782000e+00   8.7278000e-01
   3.3998000e+00   8.4484000e-01
   3.4213000e+00   8.4838000e-01
   3.4429000e+00   8.3834000e-01
   3.4645000e+00   8.5058000e-01
   3.4861000e+00   8.3155000e-01
   3.5077000e+00   8.2944000e-01
   3.5292000e+00   8.2016000e-01
   3.5508000e+00   8.1462000e-01
   3.5724000e+00   8.0486000e-01
   3.5940000e+00   8.1022000e-01
   3.6155000e+00   7.8764000e-01
   3.6371000e+00   7.8152000e-01
   3.6587000e+00   7.4699000e-01
   3.6803000e+00   7.4440000e-01
   3.7019000e+00   7.3924000e-01
   3.7234000e+00   7.3350000e-01
   3.7450000e+00   7.2087000e-01
   3.7666000e+00   7.4536000e-01
   3.7882000e+00   7.0471000e-01
   3.8098000e+00   7.0719000e-01
   3.8313000e+00   6.9256000e-01
   3.8529000e+00   6.8500000e-01
   3.8745000e+00   6.8787000e-01
   3.8961000e+00   6.6807000e-01
   3.9176000e+00   6.5611000e-01
   3.9392000e+00   6.4243000e-01
   3.9608000e+00   6.4033000e-01
   3.9824000e+00   6.2244000e-01
   4.0040000e+00   6.0245000e-01
   4.0255000e+00   5.9614000e-01
   4.0471000e+00   6.0321000e-01
   4.0687000e+00   6.1488000e-01
   4.0903000e+00   6.3889000e-01
   4.1118000e+00   6.2694000e-01
   4.1334000e+00   6.3277000e-01
   4.1550000e+00   6.2598000e-01
   4.1766000e+00   6.1134000e-01
   4.1982000e+00   6.1909000e-01
   4.2197000e+00   6.0101000e-01
   4.2413000e+00   5.8561000e-01
   4.2629000e+00   5.9843000e-01
   4.2845000e+00   5.6610000e-01
   4.3061000e+00   5.7375000e-01
   4.3276000e+00   5.6447000e-01
   4.3492000e+00   5.4285000e-01
   4.3708000e+00   5.3329000e-01
   4.3924000e+00   5.2831000e-01
   4.4139000e+00   5.3501000e-01
   4.4355000e+00   5.1645000e-01
   4.4571000e+00   5.0344000e-01
   4.4787000e+00   5.2583000e-01
   4.5003000e+00   4.9168000e-01
   4.5218000e+00   4.8297000e-01
   4.5434000e+00   4.8603000e-01
   4.5650000e+00   4.7169000e-01
   4.5866000e+00   4.6824000e-01
   4.6082000e+00   4.6642000e-01
   4.6297000e+00   4.5131000e-01
   4.6513000e+00   4.6068000e-01
   4.6729000e+00   4.6384000e-01
   4.6945000e+00   4.6432000e-01
   4.7160000e+00   4.6709000e-01
   4.7376000e+00   4.5418000e-01
   4.7592000e+00   4.4777000e-01
   4.7808000e+00   4.4691000e-01
   4.8024000e+00   4.4146000e-01
   4.8239000e+00   4.3381000e-01
   4.8455000e+00   4.2520000e-01
   4.8671000e+00   4.2166000e-01
   4.8887000e+00   4.1955000e-01
   4.9102000e+00   4.1974000e-01
   4.9318000e+00   4.0205000e-01
   4.9534000e+00   4.0549000e-01
   4.9750000e+00   4.0348000e-01
   4.9966000e+00   4.0501000e-01
   5.0181000e+00   3.8789000e-01
   5.0397000e+00   3.8215000e-01
   5.0613000e+00   3.7832000e-01
   5.0829000e+00   3.7383000e-01
   5.1045000e+00   3.7306000e-01
   5.1260000e+00   3.7153000e-01
   5.1476000e+00   3.7871000e-01
   5.1692000e+00   3.6598000e-01
   5.1908000e+00   3.6723000e-01
   5.2123000e+00   3.4561000e-01
   5.2339000e+00   3.5259000e-01
   5.2555000e+00   3.6187000e-01
   5.2771000e+00   3.4207000e-01
   5.2987000e+00   3.3518000e-01
   5.3202000e+00   3.2552000e-01
   5.3418000e+00   3.3337000e-01
   5.3634000e+00   3.2122000e-01
   5.3850000e+00   3.2236000e-01
   5.4065000e+00   3.1663000e-01
   5.4281000e+00   3.1328000e-01
   5.4497000e+00   2.9663000e-01
   5.4713000e+00   3.0036000e-01
   5.4929000e+00   2.8716000e-01
   5.5144000e+00   2.9080000e-01
   5.5360000e+00   2.8525000e-01
   5.5576000e+00   2.8372000e-01
   5.5792000e+00   2.7884000e-01
   5.6008000e+00   2.7874000e-01
   5.6223000e+00   2.6956000e-01
   5.6439000e+00   2.6401000e-01
   5.6655000e+00   2.6564000e-01
   5.6871000e+00   2.6315000e-01
   5.7086000e+00   2.5980000e-01
   5.7302000e+00   2.4928000e-01
   5.7518000e+00   2.5110000e-01
   5.7734000e+00   2.4010000e-01
   5.7950000e+00   2.4670000e-01
   5.8165000e+00   2.4584000e-01
   5.8381000e+00   2.4440000e-01
   5.8597000e+00   2.3800000e-01
   5.8813000e+00   2.2747000e-01
   5.9029000e+00   2.2958000e-01
   5.9244000e+00   2.2891000e-01
   5.9460000e+00   2.1848000e-01
   5.9676000e+00   2.1599000e-01
   5.9892000e+00   2.1925000e-01
   6.0107000e+00   2.2164000e-01
   6.0323000e+00   2.0595000e-01
   6.0539000e+00   2.0949000e-01
   6.0755000e+00   2.0212000e-01
   6.0971000e+00   2.0078000e-01
   6.1186000e+00   2.0260000e-01
   6.1402000e+00   1.9581000e-01
   6.1618000e+00   2.0212000e-01
   6.1834000e+00   1.9093000e-01
   6.2049000e+00   1.9208000e-01
   6.2265000e+00   1.8089000e-01
   6.2481000e+00   1.8462000e-01
   6.2697000e+00   1.8797000e-01
   6.2913000e+00   1.7467000e-01
   6.3128000e+00   1.7324000e-01
   6.3344000e+00   1.7620000e-01
   6.3560000e+00   1.7658000e-01
   6.3776000e+00   1.7897000e-01
   6.3992000e+00   1.7716000e-01
   6.4207000e+00   1.7381000e-01
   6.4423000e+00   1.6549000e-01
   6.4639000e+00   1.6797000e-01
   6.4855000e+00   1.6003000e-01
   6.5070000e+00   1.7008000e-01
   6.5286000e+00   1.5956000e-01
   6.5502000e+00   1.5678000e-01
   6.5718000e+00   1.5487000e-01
   6.5934000e+00   1.4942000e-01
   6.6149000e+00   1.4626000e-01
   6.6365000e+00   1.4999000e-01
   6.6581000e+00   1.4224000e-01
   6.6797000e+00   1.3631000e-01
   6.7013000e+00   1.5171000e-01
   6.7228000e+00   1.3277000e-01
   6.7444000e+00   1.3029000e-01
   6.7660000e+00   1.3335000e-01
   6.7876000e+00   1.2990000e-01
   6.8091000e+00   1.3134000e-01
   6.8307000e+00   1.2349000e-01
   6.8523000e+00   1.2388000e-01
   6.8739000e+00   1.3000000e-01
   6.8955000e+00   1.1661000e-01
   6.9170000e+00   1.2789000e-01
   6.9386000e+00   1.1861000e-01
   6.9602000e+00   1.1144000e-01
   6.9818000e+00   1.1861000e-01
   7.0033000e+00   1.1536000e-01
   7.0249000e+00   1.1909000e-01
   7.0465000e+00   1.0771000e-01
   7.0681000e+00   1.0790000e-01
   7.0897000e+00   1.0321000e-01
   7.1112000e+00   1.0943000e-01
   7.1328000e+00   1.0207000e-01
   7.1544000e+00   1.0312000e-01
   7.1760000e+00   1.0522000e-01
   7.1976000e+00   1.0446000e-01
   7.2191000e+00   9.4318000e-02
   7.2407000e+00   9.2883000e-02
   7.2623000e+00   9.2787000e-02
   7.2839000e+00   9.6518000e-02
   7.3054000e+00   8.4178000e-02
   7.3270000e+00   9.3361000e-02
   7.3486000e+00   8.5996000e-02
   7.3702000e+00   7.7578000e-02
   7.3918000e+00   8.2074000e-02
   7.4133000e+00   8.1596000e-02
   7.4349000e+00   8.3604000e-02
   7.4565000e+00   7.3752000e-02
   7.4781000e+00   7.8917000e-02
   7.4997000e+00   7.5760000e-02
   7.5212000e+00   8.1883000e-02
   7.5428000e+00   7.5378000e-02
   7.5644000e+00   7.1456000e-02
   7.5860000e+00   6.8299000e-02
   7.6075000e+00   6.7056000e-02
   7.6291000e+00   7.2126000e-02
   7.6507000e+00   6.9734000e-02
   7.6723000e+00   6.5812000e-02
   7.6939000e+00   6.4760000e-02
   7.7154000e+00   6.6099000e-02
   7.7370000e+00   6.3516000e-02
   7.7586000e+00   6.6577000e-02
   7.7802000e+00   6.2847000e-02
   7.8017000e+00   6.4856000e-02
   7.8233000e+00   6.2082000e-02
   7.8449000e+00   5.3664000e-02
   7.8665000e+00   6.2368000e-02
   7.8881000e+00   5.8829000e-02
   7.9096000e+00   5.6629000e-02
   7.9312000e+00   5.4333000e-02
   7.9528000e+00   5.5768000e-02
   7.9744000e+00   5.5385000e-02
   7.9960000e+00   5.2898000e-02
   8.0175000e+00   5.3472000e-02
   8.0391000e+00   4.9359000e-02
   8.0607000e+00   4.9455000e-02
   8.0823000e+00   4.7446000e-02
   8.1038000e+00   4.9742000e-02
   8.1254000e+00   5.0316000e-02
   8.1470000e+00   5.0316000e-02
   8.1686000e+00   4.3715000e-02
   8.1902000e+00   4.5724000e-02
   8.2117000e+00   4.0846000e-02
   8.2333000e+00   4.0176000e-02
   8.2549000e+00   4.7159000e-02
   8.2765000e+00   4.5437000e-02
   8.2981000e+00   4.0750000e-02
   8.3196000e+00   3.7498000e-02
   8.3412000e+00   4.6298000e-02
   8.3628000e+00   3.6254000e-02
   8.3844000e+00   3.5967000e-02
   8.4059000e+00   3.7115000e-02
   8.4275000e+00   3.3384000e-02
   8.4491000e+00   3.8359000e-02
   8.4707000e+00   3.9219000e-02
   8.4923000e+00   3.4628000e-02
   8.5138000e+00   3.7785000e-02
   8.5354000e+00   3.4915000e-02
   8.5570000e+00   3.7306000e-02
   8.5786000e+00   3.3863000e-02
   8.6001000e+00   3.5202000e-02
   8.6217000e+00   3.5680000e-02
   8.6433000e+00   3.4628000e-02
   8.6649000e+00   2.6593000e-02
   8.6865000e+00   3.2523000e-02
   8.7080000e+00   3.2045000e-02
   8.7296000e+00   2.6401000e-02
   8.7512000e+00   2.7071000e-02
   8.7728000e+00   2.7071000e-02
   8.7944000e+00   2.6019000e-02
   8.8159000e+00   2.8506000e-02
   8.8375000e+00   2.5062000e-02
   8.8591000e+00   2.5732000e-02
   8.8807000e+00   2.5732000e-02
   8.9022000e+00   2.8601000e-02
   8.9238000e+00   2.6306000e-02
   8.9454000e+00   2.7071000e-02
   8.9670000e+00   2.3723000e-02
   8.9886000e+00   2.2958000e-02
   9.0101000e+00   2.5062000e-02
   9.0317000e+00   2.6019000e-02
   9.0533000e+00   2.2288000e-02
   9.0749000e+00   2.1523000e-02
   9.0964000e+00   2.4297000e-02
   9.1180000e+00   2.1810000e-02
   9.1396000e+00   1.7697000e-02
   9.1612000e+00   2.2192000e-02
   9.1828000e+00   1.8557000e-02
   9.2043000e+00   1.9514000e-02
   9.2259000e+00   2.0566000e-02
   9.2475000e+00   2.0758000e-02
   9.2691000e+00   1.9992000e-02
   9.2907000e+00   2.1714000e-02
   9.3122000e+00   1.9610000e-02
   9.3338000e+00   2.0662000e-02
   9.3554000e+00   1.5783000e-02
   9.3770000e+00   2.0758000e-02
   9.3985000e+00   2.0088000e-02
   9.3985000e+00   2.0088000e-02
