[0.39199 , 0.34942],
[0.4113 , 0.34168],
[0.43061 , 0.33452],
[0.44992 , 0.31243],
[0.46924 , 0.27315],
[0.48855 , 0.2632],
[0.50786 , 0.244],
[0.52717 , 0.24753],
[0.54648 , 0.24834],
[0.56579 , 0.22906],
[0.5851 , 0.24989],
[0.60441 , 0.23223],
[0.62373 , 0.24347],
[0.64304 , 0.2528],
[0.66235 , 0.26048],
[0.68166 , 0.26504],
[0.70097 , 0.26965],
[0.72028 , 0.28695],
[0.73959 , 0.28439],
[0.7589 , 0.30345],
[0.77821 , 0.3461],
[0.79753 , 0.35111],
[0.81684 , 0.37839],
[0.83615 , 0.40014],
[0.85546 , 0.41165],
[0.87477 , 0.43106],
[0.89408 , 0.46219],
[0.91339 , 0.49108],
[0.9327 , 0.48525],
[0.95202 , 0.50495],
[0.97133 , 0.53886],
[0.99064 , 0.55752],
[1.0099 , 0.58315],
[1.0293 , 0.60575],
[1.0486 , 0.61994],
[1.0679 , 0.66018],
[1.0872 , 0.697],
[1.1065 , 0.71238],
[1.1258 , 0.73776],
[1.1451 , 0.75696],
[1.1644 , 0.76682],
[1.1837 , 0.78536],
[1.2031 , 0.80916],
[1.2224 , 0.83415],
[1.2417 , 0.8498],
[1.261 , 0.87663],
[1.2803 , 0.87439],
[1.2996 , 0.90201],
[1.3189 , 0.90162],
[1.3382 , 0.91556],
[1.3576 , 0.92227],
[1.3769 , 0.93095],
[1.3962 , 0.97554],
[1.4155 , 0.96251],
[1.4348 , 0.99356],
[1.4541 , 0.96146],
[1.4734 , 0.9754],
[1.4927 , 0.98961],
[1.512 , 1],
[1.5314 , 0.96659],
[1.5507 , 0.98724],
[1.57 , 0.9996],
[1.5893 , 0.96804],
[1.6086 , 0.99369],
[1.6279 , 0.9679],
[1.6472 , 0.9804],
[1.6665 , 0.97317],
[1.6858 , 0.95488],
[1.7052 , 0.97356],
[1.7245 , 0.97593],
[1.7438 , 0.95225],
[1.7631 , 0.92173],
[1.7824 , 0.91226],
[1.8017 , 0.91174],
[1.821 , 0.91147],
[1.8403 , 0.89674],
[1.8596 , 0.89359],
[1.879 , 0.8928],
[1.8983 , 0.90595],
[1.9176 , 0.83163],
[1.9369 , 0.86281],
[1.9562 , 0.84978],
[1.9755 , 0.82571],
[1.9948 , 0.80966],
[2.0141 , 0.83216],
[2.0334 , 0.81453],
[2.0528 , 0.81532],
[2.0721 , 0.80559],
[2.0914 , 0.824],
[2.1107 , 0.79796],
[2.13 , 0.78309],
[2.1493 , 0.79296],
[2.1686 , 0.78599],
[2.1879 , 0.81545],
[2.2072 , 0.80769],
[2.2266 , 0.78217],
[2.2459 , 0.77494],
[2.2652 , 0.77902],
[2.2845 , 0.75192],
[2.3038 , 0.76126],
[2.3231 , 0.75337],
[2.3424 , 0.73443],
[2.3617 , 0.74679],
[2.381 , 0.73285],
[2.4004 , 0.75074],
[2.4197 , 0.73666],
[2.439 , 0.71956],
[2.4583 , 0.7318],
[2.4776 , 0.72706],
[2.4969 , 0.71812],
[2.5162 , 0.68142],
[2.5355 , 0.70536],
[2.5548 , 0.72154],
[2.5742 , 0.71614],
[2.5935 , 0.72811],
[2.6128 , 0.69746],
[2.6321 , 0.68536],
[2.6514 , 0.70023],
[2.6707 , 0.69089],
[2.69 , 0.70601],
[2.7093 , 0.68826],
[2.7286 , 0.66603],
[2.748 , 0.69483],
[2.7673 , 0.67313],
[2.7866 , 0.66419],
[2.8059 , 0.66787],
[2.8252 , 0.65169],
[2.8445 , 0.65945],
[2.8638 , 0.67024],
[2.8831 , 0.65314],
[2.9024 , 0.63854],
[2.9218 , 0.6509],
[2.9411 , 0.65406],
[2.9604 , 0.63946],
[2.9797 , 0.65011],
[2.999 , 0.63722],
[3.0183 , 0.6317],
[3.0376 , 0.64025],
[3.0569 , 0.60657],
[3.0762 , 0.60552],
[3.0956 , 0.59592],
[3.1149 , 0.62301],
[3.1342 , 0.61026],
[3.1535 , 0.62551],
[3.1728 , 0.59986],
[3.1921 , 0.58513],
[3.2114 , 0.57658],
[3.2307 , 0.55948],
[3.25 , 0.56908],
[3.2694 , 0.5604],
[3.2887 , 0.56395],
[3.308 , 0.53712],
[3.3273 , 0.53081],
[3.3466 , 0.51792],
[3.3659 , 0.52199],
[3.3852 , 0.54054],
[3.4045 , 0.52594],
[3.4238 , 0.50818],
[3.4432 , 0.50082],
[3.4625 , 0.49122],
[3.4818 , 0.47096],
[3.5011 , 0.4707],
[3.5204 , 0.46517],
[3.5397 , 0.45452],
[3.559 , 0.42703],
[3.5783 , 0.39125],
[3.5976 , 0.41571],
[3.617 , 0.41348],
[3.6363 , 0.45517],
[3.6556 , 0.46728],
[3.6749 , 0.45754],
[3.6942 , 0.43939],
[3.7135 , 0.45465],
[3.7328 , 0.43505],
[3.7521 , 0.43373],
[3.7714 , 0.43189],
[3.7908 , 0.43781],
[3.8101 , 0.4457],
[3.8294 , 0.4019],
[3.8487 , 0.40098],
[3.868 , 0.39743],
[3.8873 , 0.39638],
[3.9066 , 0.39454],
[3.9259 , 0.37928],
[3.9452 , 0.39914],
[3.9646 , 0.38967],
[3.9839 , 0.36126],
[4.0032 , 0.35152],
[4.0225 , 0.35994],
[4.0418 , 0.33192],
[4.0611 , 0.33732],
[4.0804 , 0.3431],
[4.0997 , 0.36783],
[4.119 , 0.36191],
[4.1384 , 0.35915],
[4.1577 , 0.34574],
[4.177 , 0.35442],
[4.1963 , 0.36113],
[4.2156 , 0.34074],
[4.2349 , 0.36099],
[4.2542 , 0.35455],
[4.2735 , 0.34218],
[4.2929 , 0.36191],
[4.3122 , 0.32337],
[4.3315 , 0.32614],
[4.3508 , 0.3218],
[4.3701 , 0.3214],
[4.3894 , 0.31535],
[4.4087 , 0.30877],
[4.428 , 0.31404],
[4.4473 , 0.30917],
[4.4667 , 0.32364],
[4.486 , 0.31838],
[4.5053 , 0.29996],
[4.5246 , 0.29562],
[4.5439 , 0.27707],
[4.5632 , 0.27878],
[4.5825 , 0.26958],
[4.6018 , 0.26247],
[4.6211 , 0.27747],
[4.6405 , 0.24406],
[4.6598 , 0.27168],
[4.6791 , 0.25208],
[4.6984 , 0.26195],
[4.7177 , 0.2484],
[4.737 , 0.27523],
[4.7563 , 0.25524],
[4.7756 , 0.2434],
[4.7949 , 0.24037],
[4.8143 , 0.24077],
[4.8336 , 0.22064],
[4.8529 , 0.21972],
[4.8722 , 0.22906],
[4.8915 , 0.21341],
[4.9108 , 0.21341],
[4.9301 , 0.22617],
[4.9494 , 0.23183],
[4.9687 , 0.21946],
[4.9881 , 0.21551],
[5.0074 , 0.22433],
[5.0267 , 0.19684],
[5.046 , 0.20946],
[5.0653 , 0.2067],
[5.0846 , 0.20368],
[5.1039 , 0.20775],
[5.1232 , 0.20407],
[5.1425 , 0.19657],
[5.1619 , 0.21025],
[5.1812 , 0.20841],
[5.2005 , 0.18697],
[5.2198 , 0.20354],
[5.2391 , 0.19447],
[5.2584 , 0.18592],
[5.2777 , 0.20946],
[5.297 , 0.20736],
[5.3163 , 0.19407],
[5.3357 , 0.18802],
[5.355 , 0.19947],
[5.3743 , 0.19236],
[5.3936 , 0.20447],
[5.4129 , 0.17724],
[5.4322 , 0.19565],
[5.4515 , 0.17079],
[5.4708 , 0.17408],
[5.4901 , 0.17487],
[5.5095 , 0.1846],
[5.5288 , 0.17987],
[5.5481 , 0.18815],
[5.5674 , 0.15514],
[5.5867 , 0.16382],
[5.606 , 0.16645],
[5.6253 , 0.15974],
[5.6446 , 0.15014],
[5.6639 , 0.15567],
[5.6833 , 0.16251],
[5.7026 , 0.18276],
[5.7219 , 0.15277],
[5.7412 , 0.15567],
[5.7605 , 0.14961],
[5.7798 , 0.14462],
[5.7991 , 0.1412],
[5.8184 , 0.12475],
[5.8377 , 0.14672],
[5.8571 , 0.1412],
[5.8764 , 0.13659],
[5.8957 , 0.12923],
[5.915 , 0.12883],
[5.9343 , 0.11528],
[5.9536 , 0.11502],
[5.9729 , 0.13357],
[5.9922 , 0.13554],
[6.0115 , 0.12239],
[6.0309 , 0.11318],
[6.0502 , 0.11962],
[6.0695 , 0.11436],
[6.0888 , 0.1095],
[6.1081 , 0.10345],
[6.1274 , 0.11094],
[6.1467 , 0.11713],
[6.166 , 0.10187],
[6.1853 , 0.10594],
[6.2047 , 0.10805],
[6.224 , 0.12002],
[6.2433 , 0.096869],
[6.2626 , 0.095685],
[6.2819 , 0.077796],
[6.3012 , 0.095027],
[6.3205 , 0.089634],
[6.3398 , 0.10371],
[6.3591 , 0.091081],
[6.3785 , 0.088845],
[6.3978 , 0.084373],
[6.4171 , 0.078322],
[6.4364 , 0.098447],
[6.4557 , 0.084241],
[6.475 , 0.09016],
[6.4943 , 0.074376],
[6.5136 , 0.082531],
[6.5329 , 0.10397],
[6.5523 , 0.08845],
[6.5716 , 0.067273],
[6.5909 , 0.081084],
[6.6102 , 0.089503],
[6.6295 , 0.073192],
[6.6488 , 0.06872],
[6.6681 , 0.088713],
[6.6874 , 0.079243],
[6.7067 , 0.067536],
[6.7261 , 0.078322],
[6.7454 , 0.079374],
[6.7647 , 0.073718],
[6.784 , 0.068457],
[6.8033 , 0.071087],
[6.8226 , 0.050042],
[6.8419 , 0.057145],
[6.8612 , 0.064511],
[6.8805 , 0.067141],
[6.8999 , 0.055435],
[6.9192 , 0.05504],
[6.9385 , 0.060696],
[6.9578 , 0.062406],
[6.9771 , 0.059249],
[6.9964 , 0.063985],
[7.0157 , 0.044912],
[7.035 , 0.059907],
[7.0543 , 0.041623],
[7.0737 , 0.051752],
[7.093 , 0.032679],
[7.1123 , 0.057145],
[7.1316 , 0.065826],
[7.1509 , 0.052541],
[7.1702 , 0.061617],
[7.1895 , 0.063327],
[7.2088 , 0.05675],
[7.2281 , 0.053462],
[7.2475 , 0.055829],
[7.2668 , 0.054119],
[7.2861 , 0.055698],
[7.3054 , 0.045306],
[7.3247 , 0.048858],
[7.344 , 0.045964],
[7.3633 , 0.040176],
[7.3826 , 0.054119],
[7.402 , 0.056224],
[7.4213 , 0.049647],
[7.4406 , 0.0482],
[7.4599 , 0.04307],
[7.4792 , 0.040571],
[7.4985 , 0.038335],
[7.5178 , 0.042149],
[7.5371 , 0.054645],
[7.5564 , 0.02768],
[7.5758 , 0.038072],
[7.5951 , 0.022024],
[7.6144 , 0.035441],
[7.6337 , 0.032284],
[7.653 , 0.040308],
[7.6723 , 0.018604],
[7.6916 , 0.035441],
[7.7109 , 0.046096],
[7.7302 , 0.031758],
[7.7496 , 0.037414],
[7.7689 , 0.038466],
[7.7882 , 0.036756],
[7.8075 , 0.033073],
[7.8268 , 0.028996],
[7.8461 , 0.019525],
[7.8654 , 0.035046],
[7.8847 , 0.039124],
[7.904 , 0.03623],
[7.9234 , 0.0092653],
[7.9427 , 0.029522],
[7.962 , 0.03623],
[7.9813 , 0.016894],
[8.0006 , 0.018999],
[8.0199 , 0.02597],
[8.0392 , 0.032284],
[8.0585 , 0.0075554],
[8.0778 , 0.038072],
[8.0972 , 0.015579],
[8.1165 , 0.016894],
[8.1358 , 0.019525],
[8.1551 , 0.020709],
[8.1744 , 0.028338],
[8.1937 , 0.02597],
[8.213 , 0.025576],
[8.2323 , 0.009923],
[8.2516 , 0.023471],
[8.271 , 0.012685],
[8.2903 , 0.014001],
[8.3096 , 0.030969],
[8.3289 , 0.019525],
[8.3482 , 0.018341],
[8.3675 , 0.028996],
[8.3868 , 0.022814],
[8.4061 , 0.011501],
[8.4254 , 0.01479],
[8.4448 , 0.022945],
[8.4641 , 0.0021624],
[8.4834 , 0.024787],
[8.5027 , 0.0054508],
[8.522 , 0.036493],
[8.5413 , 0.0063715],
[8.5606 , 0.016368],
[8.5799 , 0.0032147],
[8.5992 , 0.019394],
[8.6186 , 0.013211],
[8.6379 , 0.012422],
[8.6572 , 0.015316],
[8.6765 , 0.01821],
[8.6958 , 0.027944],
[8.7151 , 0.0011101],
[8.7344 , 0.013738],
[8.7537 , 0.015579],
[8.773 , 0.0021624],
[8.7924 , 0.009923],
[8.8117 , 0.0098],
[8.831 , 0.0097],
[8.8503 , 0.0096],
[8.8696 , 0.0095],
[8.8889 , 0.0094],
[8.9082 , 0.0093],
[8.9275 , 0.0092],
[8.9468 , 0.0091],
[8.9662 , 0.009],
[8.9855 , 0.0089],
[9.0048 , 0.0088],
[9.0241 , 0.0087],
[9.0434 , 0.0086],
[9.0627 , 0.0085],
[9.082 , 0.0084],
[9.1013 , 0.0083],
[9.1206 , 0.0082],
[9.14 , 0.0081],
[9.1593 , 0.008],
[9.1786 , 0.0079],
[9.1979 , 0.0078],
[9.2172 , 0.0077],
[9.2365 , 0.0076],
[9.2558 , 0.0075],
[9.2751 , 0.0074],
[9.2944 , 0.0073],
[9.3138 , 0.0072],
[9.3331 , 0.0071],
[9.3524 , 0.007],
[9.3717 , 0.0069],
[9.391 , 0.0068],
[9.4103 , 0.0067],
[9.4296 , 0.0066],
[9.4489 , 0.0065],
[9.4682 , 0.0064],
[9.4876 , 0.0063],
[9.5069 , 0.0062],
[9.5262 , 0.0061],
[9.5455 , 0.006],
[9.5648 , 0.0059],
[9.5841 , 0.0058],
[9.6034 , 0.0057],
[9.6227 , 0.0056],
[9.642 , 0.0055],
[9.6614 , 0.0054],
[9.6807 , 0.0053],
[9.7 , 0.0052],
[9.7193 , 0.0051],
[9.7386 , 0.005],
[9.7579 , 0.0049],
[9.7772 , 0.0048],
[9.7965 , 0.0047],
[9.8158 , 0.0046],
[9.8352 , 0.0045],
[9.8545 , 0.0044],
[9.8738 , 0.0043],
[9.8931 , 0.0042],
