[0.075192 , 0],
[0.084591 , 0.69976],
[0.09399 , 0.61292],
[0.10339 , 0.55422],
[0.11279 , 0.44353],
[0.12219 , 0.44643],
[0.13159 , 0.37957],
[0.14098 , 0.31331],
[0.15038 , 0.27603],
[0.15978 , 0.28273],
[0.16918 , 0.24817],
[0.17858 , 0.24622],
[0.18798 , 0.2327],
[0.19738 , 0.20644],
[0.20678 , 0.20047],
[0.21618 , 0.19737],
[0.22558 , 0.17163],
[0.23497 , 0.16269],
[0.24437 , 0.17042],
[0.25377 , 0.16154],
[0.26317 , 0.16247],
[0.27257 , 0.13125],
[0.28197 , 0.13807],
[0.29137 , 0.13236],
[0.30077 , 0.13298],
[0.31017 , 0.13128],
[0.31956 , 0.12799],
[0.32896 , 0.11922],
[0.33836 , 0.1186],
[0.34776 , 0.10551],
[0.35716 , 0.11435],
[0.36656 , 0.11714],
[0.37596 , 0.10691],
[0.38536 , 0.10266],
[0.39476 , 0.10914],
[0.40416 , 0.10405],
[0.41355 , 0.1104],
[0.42295 , 0.099707],
[0.43235 , 0.10314],
[0.44175 , 0.095226],
[0.45115 , 0.092643],
[0.46055 , 0.09612],
[0.46995 , 0.10363],
[0.47935 , 0.09797],
[0.48875 , 0.090225],
[0.49815 , 0.089707],
[0.50754 , 0.10753],
[0.51694 , 0.084441],
[0.52634 , 0.098599],
[0.53574 , 0.073079],
[0.54514 , 0.09427],
[0.55454 , 0.092605],
[0.56394 , 0.10422],
[0.57334 , 0.1013],
[0.58274 , 0.10904],
[0.59214 , 0.10415],
[0.60153 , 0.11339],
[0.61093 , 0.13366],
[0.62033 , 0.12757],
[0.62973 , 0.13023],
[0.63913 , 0.12897],
[0.64853 , 0.14597],
[0.65793 , 0.1462],
[0.66733 , 0.15987],
[0.67673 , 0.16767],
[0.68612 , 0.18375],
[0.69552 , 0.19552],
[0.70492 , 0.21993],
[0.71432 , 0.24449],
[0.72372 , 0.24693],
[0.73312 , 0.24422],
[0.74252 , 0.28232],
[0.75192 , 0.28975],
[0.76132 , 0.31862],
[0.77072 , 0.35848],
[0.78011 , 0.36773],
[0.78951 , 0.38664],
[0.79891 , 0.40971],
[0.80831 , 0.42373],
[0.81771 , 0.43164],
[0.82711 , 0.47701],
[0.83651 , 0.49741],
[0.84591 , 0.52473],
[0.85531 , 0.54769],
[0.86471 , 0.59389],
[0.8741 , 0.57834],
[0.8835 , 0.60656],
[0.8929 , 0.6298],
[0.9023 , 0.62542],
[0.9117 , 0.63415],
[0.9211 , 0.61345],
[0.9305 , 0.64338],
[0.9399 , 0.58987],
[0.9493 , 0.61876],
[0.95869 , 0.64752],
[0.96809 , 0.64582],
[0.97749 , 0.6704],
[0.98689 , 0.69355],
[0.99629 , 0.68114],
[1.0057 , 0.7246],
[1.0151 , 0.80055],
[1.0245 , 0.79108],
[1.0339 , 0.80856],
[1.0433 , 0.827],
[1.0527 , 0.85564],
[1.0621 , 0.85914],
[1.0715 , 0.86892],
[1.0809 , 0.89052],
[1.0903 , 0.8947],
[1.0997 , 0.92834],
[1.1091 , 0.9175],
[1.1185 , 0.93247],
[1.1279 , 0.96305],
[1.1373 , 0.97374],
[1.1467 , 1],
[1.1561 , 0.97895],
[1.1655 , 0.96995],
[1.1749 , 0.92939],
[1.1843 , 0.93023],
[1.1937 , 0.92435],
[1.2031 , 0.923],
[1.2125 , 0.9079],
[1.2219 , 0.88838],
[1.2313 , 0.85582],
[1.2407 , 0.87162],
[1.2501 , 0.83571],
[1.2595 , 0.80916],
[1.2689 , 0.79765],
[1.2783 , 0.81513],
[1.2877 , 0.83734],
[1.2971 , 0.82559],
[1.3065 , 0.81167],
[1.3159 , 0.80793],
[1.3253 , 0.79409],
[1.3347 , 0.79831],
[1.3441 , 0.83251],
[1.3535 , 0.85594],
[1.3629 , 0.84754],
[1.3722 , 0.86811],
[1.3816 , 0.82676],
[1.391 , 0.81092],
[1.4004 , 0.79827],
[1.4098 , 0.75902],
[1.4192 , 0.73614],
[1.4286 , 0.72582],
[1.438 , 0.72553],
[1.4474 , 0.73838],
[1.4568 , 0.69067],
[1.4662 , 0.68796],
[1.4756 , 0.70396],
[1.485 , 0.6888],
[1.4944 , 0.66995],
[1.5038 , 0.62593],
[1.5132 , 0.60748],
[1.5226 , 0.61018],
[1.532 , 0.58774],
[1.5414 , 0.57681],
[1.5508 , 0.60838],
[1.5602 , 0.62938],
[1.5696 , 0.63055],
[1.579 , 0.65494],
[1.5884 , 0.65735],
[1.5978 , 0.68572],
[1.6072 , 0.70326],
[1.6166 , 0.74024],
[1.626 , 0.74263],
[1.6354 , 0.72467],
[1.6448 , 0.72184],
[1.6542 , 0.72827],
[1.6636 , 0.74947],
[1.673 , 0.73927],
[1.6824 , 0.72816],
[1.6918 , 0.70231],
[1.7012 , 0.68386],
[1.7106 , 0.67496],
[1.72 , 0.62615],
[1.7294 , 0.60255],
[1.7388 , 0.6106],
[1.7482 , 0.59164],
[1.7576 , 0.56749],
[1.767 , 0.54705],
[1.7764 , 0.52386],
[1.7858 , 0.4863],
[1.7952 , 0.49562],
[1.8046 , 0.47218],
[1.814 , 0.48028],
[1.8234 , 0.43852],
[1.8328 , 0.44816],
[1.8422 , 0.41225],
[1.8516 , 0.41212],
[1.861 , 0.40344],
[1.8704 , 0.36911],
[1.8798 , 0.36595],
[1.8892 , 0.35791],
[1.8986 , 0.3804],
[1.908 , 0.387],
[1.9174 , 0.40917],
[1.9268 , 0.42584],
[1.9362 , 0.44494],
[1.9456 , 0.42928],
[1.955 , 0.42125],
[1.9644 , 0.41079],
[1.9738 , 0.40918],
[1.9832 , 0.40025],
[1.9926 , 0.39529],
[2.002 , 0.38516],
[2.0114 , 0.36682],
[2.0208 , 0.35579],
[2.0302 , 0.33594],
[2.0396 , 0.28751],
[2.049 , 0.28594],
[2.0584 , 0.27068],
[2.0678 , 0.28492],
[2.0772 , 0.26815],
[2.0866 , 0.28512],
[2.096 , 0.30056],
[2.1054 , 0.31327],
[2.1148 , 0.28467],
[2.1242 , 0.30861],
[2.1336 , 0.28791],
[2.143 , 0.29728],
[2.1524 , 0.27508],
[2.1618 , 0.2635],
[2.1712 , 0.25588],
[2.1806 , 0.27131],
[2.19 , 0.25186],
[2.1994 , 0.27427],
[2.2088 , 0.27484],
[2.2182 , 0.29785],
[2.2276 , 0.28356],
[2.237 , 0.28565],
[2.2464 , 0.27894],
[2.2558 , 0.27679],
[2.2652 , 0.27524],
[2.2746 , 0.28339],
[2.2839 , 0.25427],
[2.2933 , 0.24122],
[2.3027 , 0.2315],
[2.3121 , 0.21269],
[2.3215 , 0.22055],
[2.3309 , 0.22809],
[2.3403 , 0.2208],
[2.3497 , 0.21927],
[2.3591 , 0.21471],
[2.3685 , 0.22922],
[2.3779 , 0.22102],
[2.3873 , 0.22615],
[2.3967 , 0.21584],
[2.4061 , 0.20977],
[2.4155 , 0.20612],
[2.4249 , 0.18493],
[2.4343 , 0.20185],
[2.4437 , 0.19004],
[2.4531 , 0.20212],
[2.4625 , 0.19273],
[2.4719 , 0.19302],
[2.4813 , 0.17335],
[2.4907 , 0.17243],
[2.5001 , 0.17363],
[2.5095 , 0.15487],
[2.5189 , 0.16574],
[2.5283 , 0.16301],
[2.5377 , 0.15212],
[2.5471 , 0.12793],
[2.5565 , 0.13638],
[2.5659 , 0.14151],
[2.5753 , 0.14332],
[2.5847 , 0.15238],
[2.5941 , 0.14783],
[2.6035 , 0.15357],
[2.6129 , 0.15416],
[2.6223 , 0.16171],
[2.6317 , 0.15264],
[2.6411 , 0.15897],
[2.6505 , 0.13178],
[2.6599 , 0.16319],
[2.6693 , 0.12421],
[2.6787 , 0.13689],
[2.6881 , 0.13266],
[2.6975 , 0.14292],
[2.7069 , 0.13174],
[2.7163 , 0.13566],
[2.7257 , 0.11995],
[2.7351 , 0.11391],
[2.7445 , 0.12236],
[2.7539 , 0.10907],
[2.7633 , 0.11088],
[2.7727 , 0.11117],
[2.7821 , 0.10755],
[2.7915 , 0.10724],
[2.8009 , 0.11569],
[2.8103 , 0.098478],
[2.8197 , 0.10331],
[2.8291 , 0.095453],
[2.8385 , 0.094544],
[2.8479 , 0.10601],
[2.8573 , 0.096953],
[2.8667 , 0.11204],
[2.8761 , 0.088194],
[2.8855 , 0.099057],
[2.8949 , 0.10147],
[2.9043 , 0.096939],
[2.9137 , 0.090901],
[2.9231 , 0.094218],
[2.9325 , 0.097837],
[2.9419 , 0.09029],
[2.9513 , 0.080329],
[2.9607 , 0.07731],
[2.9701 , 0.069764],
[2.9795 , 0.069159],
[2.9889 , 0.061312],
[2.9983 , 0.055578],
[3.0077 , 0.068853],
[3.0171 , 0.068248],
[3.0265 , 0.071565],
[3.0359 , 0.064926],
[3.0453 , 0.063114],
[3.0547 , 0.070052],
[3.0641 , 0.077292],
[3.0735 , 0.054965],
[3.0829 , 0.058584],
[3.0923 , 0.050136],
[3.1017 , 0.050437],
[3.1111 , 0.049833],
[3.1205 , 0.055865],
[3.1299 , 0.054356],
[3.1393 , 0.053752],
[3.1487 , 0.059784],
[3.1581 , 0.064006],
[3.1675 , 0.067323],
[3.1769 , 0.056463],
[3.1863 , 0.057065],
[3.1956 , 0.05073],
[3.205 , 0.055254],
[3.2144 , 0.05827],
[3.2238 , 0.06219],
[3.2332 , 0.059474],
[3.2426 , 0.056759],
[3.252 , 0.062187],
[3.2614 , 0.056456],
[3.2708 , 0.050424],
[3.2802 , 0.052836],
[3.2896 , 0.047708],
[3.299 , 0.054342],
[3.3084 , 0.049818],
[3.3178 , 0.04831],
[3.3272 , 0.05223],
[3.3366 , 0.048912],
[3.346 , 0.048308],
[3.3554 , 0.042276],
[3.3648 , 0.047402],
[3.3742 , 0.048307],
[3.3836 , 0.044084],
[3.393 , 0.04137],
[3.4024 , 0.032323],
[3.4118 , 0.039861],
[3.4212 , 0.039861],
[3.4306 , 0.038353],
[3.44 , 0.037146],
[3.4494 , 0.034734],
[3.4588 , 0.038955],
[3.4682 , 0.034431],
[3.4776 , 0.037145],
[3.487 , 0.028702],
[3.4964 , 0.023877],
[3.5058 , 0.026289],
[3.5152 , 0.028098],
[3.5246 , 0.022972],
[3.534 , 0.03443],
[3.5434 , 0.031716],
[3.5528 , 0.029303],
[3.5622 , 0.020257],
[3.5716 , 0.021463],
[3.581 , 0.01875],
[3.5904 , 0.019352],
[3.5998 , 0.02086],
[3.6092 , 0.027493],
[3.6186 , 0.033825],
[3.628 , 0.017844],
[3.6374 , 0.02689],
[3.6468 , 0.026889],
[3.6562 , 0.027794],
[3.6656 , 0.032015],
[3.675 , 0.034728],
[3.6844 , 0.030507],
[3.6938 , 0.033823],
[3.7032 , 0.026587],
[3.7126 , 0.028396],
[3.722 , 0.030205],
[3.7314 , 0.025984],
[3.7408 , 0.028697],
[3.7502 , 0.022667],
[3.7596 , 0.023572],
[3.769 , 0.026888],
[3.7784 , 0.026888],
[3.7878 , 0.02327],
[3.7972 , 0.026586],
[3.8066 , 0.017541],
[3.816 , 0.025681],
[3.8254 , 0.028998],
[3.8348 , 0.022365],
[3.8442 , 0.023269],
[3.8536 , 0.021159],
[3.863 , 0.022666],
[3.8724 , 0.016938],
[3.8818 , 0.016033],
[3.8912 , 0.016938],
[3.9006 , 0.022063],
[3.91 , 0.013923],
[3.9194 , 0.019048],
[3.9288 , 0.017842],
[3.9382 , 0.015129],
[3.9476 , 0.016636],
[3.957 , 0.016334],
[3.9664 , 0.022364],
[3.9758 , 0.012415],
[3.9852 , 0.016334],
[3.9946 , 0.018143],
[4.004 , 0.007893],
[4.0134 , 0.0087973],
[4.0228 , 0.015731],
[4.0322 , 0.012716],
[4.0416 , 0.015731],
[4.051 , 0.010606],
[4.0604 , 0.0066869],
[4.0698 , 0.012716],
[4.0792 , 0.010907],
[4.0886 , 0.014525],
[4.098 , 0.013319],
[4.1073 , 0.018444],
[4.1167 , 0.025981],
[4.1261 , 0.016032],
[4.1355 , 0.013319],
[4.1449 , 0.0078926],
[4.1543 , 0.0097014],
[4.1637 , 0.010003],
[4.1731 , 0.0093999],
[4.1825 , 0.010907],
[4.1919 , 0.014525],
[4.2013 , 0.017238],
[4.2107 , 0.017539],
[4.2201 , 0.013922],
[4.2295 , 0.016333],
[4.2389 , 0.014826],
[4.2483 , 0.017539],
[4.2577 , 0.01151],
[4.2671 , 0.0097012],
[4.2765 , 0.017238],
[4.2859 , 0.010606],
[4.2953 , 0.012113],
[4.3047 , 0.010003],
[4.3141 , 0.0084953],
[4.3235 , 0.0078923],
[4.3329 , 0.0066865],
[4.3423 , 0.012414],
[4.3517 , 0.010605],
[4.3611 , 0.013318],
[4.3705 , 0.022061],
[4.3799 , 0.014223],
[4.3893 , 0.009701],
[4.3987 , 0.013318],
[4.4081 , 0.01151],
[4.4175 , 0.012113],
[4.4269 , 0.010605],
[4.4363 , 0.012113],
[4.4457 , 0.011811],
[4.4551 , 0.0051791],
[4.4645 , 0.013017],
[4.4739 , 0.01151],
[4.4833 , 0.0048777],
[4.4927 , 0.0081936],
[4.5021 , 0.0075907],
[4.5115 , 0.011208],
[4.5209 , 0.0069878],
[4.5303 , 0.011811],
[4.5397 , 0.0087965],
[4.5491 , 0.0093994],
[4.5585 , 0.00065728],
[4.5679 , 0.008495],
[4.5773 , 0.005179],
[4.5867 , 0.0048776],
[4.5961 , 0.002466],
[4.6055 , 0.0042747],
[4.6149 , 0.0063848],
[4.6243 , 0.0069877],
[4.6337 , 0.010605],
[4.6431 , 0.0054805],
[4.6525 , 0.0036718],
[4.6619 , 0.0063848],
[4.6713 , 0.008495],
[4.6807 , 0.0030689],
[4.6901 , 0.010605],
[4.6995 , 0.0081935],
[4.7089 , 0.0063848],
[4.7183 , 0.0036717],
[4.7277 , 0.0030688],
[4.7371 , 0.0054804],
[4.7465 , 0.007892],
[4.7559 , 0.010907],
[4.7653 , 0.00095868],
[4.7747 , 0.013017],
[4.7841 , 0.007892],
[4.7935 , 0.005179],
[4.8029 , 0.0063847],
[4.8123 , 0.0021645],
[4.8217 , 0.0027674],
[4.8311 , 0.0017544],
[4.8405 , 0.00095866],
[4.8499 , 0.0051789],
[4.8593 , 0.0051789],
[4.8687 , 0.0087963],
[4.8781 , 0.0033702],
[4.8875 , 0.004576],
[4.8969 , 0.0036717],
[4.9063 , 0.0024659],
[4.9157 , 0.0021644],
[4.9251 , 0.0027673],
[4.9345 , 0.0006572],
[4.9439 , 0.0036717],
[4.9533 , 0.0084948],
[4.9627 , 0.0057818],
[4.9721 , 0.012414],
[4.9815 , 0],
[4.9909 , 0.0042746],
[5.0003 , 0.0048774],
[5.0097 , 0.0015615],
[5.019 , 0.0036717],
[5.0284 , 0.00065719],
[5.0378 , 0.00065719],
[5.0472 , 0.0012601],
[5.0566 , 0.0027673],
[5.066 , 0.0051789],
[5.0754 , 0],
[5.0848 , 0],
[5.0942 , 0.00065719],
[5.1036 , 0],
[5.113 , 0.0078919],
[5.1224 , 0.004576],
[5.1318 , 0.0021644],
[5.1412 , 0],
[5.1506 , 0],
[5.16 , 0.0033702],
[5.1694 , 0.0042745],
[5.1788 , 0.00065718],
[5.1882 , 0.0033702],
[5.1976 , 0],
[5.207 , 0.001863],
[5.2164 , 0.001863],
[5.2258 , 0],
[5.2352 , 0.0039731],
[5.2446 , 0],
[5.254 , 0.0036716],
[5.2634 , 0.0039731],
[5.2728 , 0.0033702],
[5.2822 , 0],
[5.2916 , 0],
[5.301 , 0.00095862],
[5.3104 , 0.0057817],
[5.3198 , 0.0066861],
[5.3292 , 0.0036716],
[5.3386 , 0],
[5.348 , 0.0063846],
[5.3574 , 0],
[5.3668 , 0.0027673],
[5.3762 , 0],
[5.3856 , 5.43e-05],
[5.395 , 0.00095861],
[5.4044 , 0],
[5.4138 , 0.0021644],
[5.4232 , 0],
[5.4326 , 0],
[5.442 , 5.43e-05],
[5.4514 , 0.0018629],
[5.4608 , 0],
[5.4702 , 0],
[5.4796 , 0.00065716],
[5.489 , 0.0027673],
[5.4984 , 0.0030687],
[5.5078 , 0.0021644],
[5.5172 , 0],
[5.5266 , 0],
[5.536 , 0.0051788],
[5.5454 , 0],
[5.5548 , 0.0045759],
[5.5642 , 0.0054803],
[5.5736 , 0.0015615],
[5.583 , 0.0066861],
[5.5924 , 0],
[5.6018 , 0.00035571],
[5.6112 , 0.0009586],
[5.6206 , 0.003973],
[5.63 , 0],
[5.6394 , 0],
[5.6488 , 0],
[5.6582 , 0],
[5.6676 , 0.003973],
[5.677 , 0.0069875],
[5.6864 , 0],
[5.6958 , 0],
[5.7052 , 5.43e-05],
[5.7146 , 0],
[5.724 , 5.43e-05],
[5.7334 , 0.0048774],
[5.7428 , 0],
[5.7522 , 0],
[5.7616 , 0.0024658],
[5.771 , 0],
[5.7804 , 0.0024658],
[5.7898 , 0],
[5.7992 , 0.00126],
[5.8086 , 0],
[5.818 , 0],
[5.8274 , 0],
[5.8368 , 0],
[5.8462 , 0.00126],
[5.8556 , 0.0054803],
[5.865 , 0],
[5.8744 , 5.43e-05],
[5.8838 , 0.0015615],
[5.8932 , 0.00035571],
[5.9026 , 0.00035571],
[5.912 , 0],
[5.9214 , 0],
[5.9307 , 0],
[5.9307 , 0],
