[0.00971506 , 0.000243729],
[0.021745 , 0.000243148],
[0.033775 , 0.000241017],
[0.045805 , 0.000199556],
[0.057835 , 0.000239854],
[0.069865 , 0.00022048],
[0.081895 , 0.000217768],
[0.0939367 , 0.000222224],
[0.105949 , 0.000251091],
[0.117991 , 0.00025516],
[0.130003 , 0.00022978],
[0.142045 , 0.000201687],
[0.154087 , 0.000216218],
[0.166099 , 0.000215443],
[0.178141 , 0.000241404],
[0.190153 , 0.000206724],
[0.202195 , 0.00021738],
[0.214237 , 0.000208274],
[0.226249 , 0.000208855],
[0.238291 , 0.000211762],
[0.250303 , 0.000218155],
[0.262345 , 0.000200912],
[0.274386 , 0.000221061],
[0.286399 , 0.000204206],
[0.298441 , 0.00019355],
[0.310453 , 0.00023443],
[0.322495 , 0.000211955],
[0.334536 , 0.000190644],
[0.346549 , 0.000213893],
[0.35859 , 0.000202656],
[0.370603 , 0.000189288],
[0.382645 , 0.000173594],
[0.394686 , 0.000205174],
[0.406699 , 0.000211955],
[0.41874 , 0.000193162],
[0.430753 , 0.000197812],
[0.442794 , 0.000211374],
[0.454836 , 0.000186963],
[0.466849 , 0.000187737],
[0.47889 , 0.000209049],
[0.490903 , 0.000190837],
[0.502944 , 0.000187738],
[0.514986 , 0.000207887],
[0.526999 , 0.000186769],
[0.53904 , 0.000185413],
[0.551053 , 0.000192],
[0.563094 , 0.0001951],
[0.575136 , 0.000242954],
[0.587148 , 0.000234042],
[0.59919 , 0.000193356],
[0.611203 , 0.00022048],
[0.623244 , 0.00025671],
[0.635286 , 0.000244504],
[0.647298 , 0.000219705],
[0.65934 , 0.000260973],
[0.671352 , 0.000238692],
[0.683394 , 0.000257679],
[0.695436 , 0.000284416],
[0.707448 , 0.000332852],
[0.71949 , 0.000365207],
[0.731502 , 0.000352807],
[0.743544 , 0.000481453],
[0.755586 , 0.000541126],
[0.767598 , 0.000537639],
[0.77964 , 0.000646716],
[0.791652 , 0.000712977],
[0.803694 , 0.000852279],
[0.815736 , 0.000968525],
[0.827748 , 0.0010776],
[0.83979 , 0.00123531],
[0.851802 , 0.00143061],
[0.863844 , 0.00166],
[0.875886 , 0.00182546],
[0.887898 , 0.00211375],
[0.89994 , 0.00237511],
[0.911952 , 0.00277539],
[0.923994 , 0.00304585],
[0.936036 , 0.00344303],
[0.948048 , 0.00390027],
[0.96009 , 0.00459155],
[0.972102 , 0.00570442],
[0.984144 , 0.00759363],
[0.996186 , 0.0104649],
[1.0082 , 0.0159204],
[1.02024 , 0.0266057],
[1.03225 , 0.0479937],
[1.04429 , 0.0858774],
[1.05634 , 0.142667],
[1.06835 , 0.218867],
[1.08039 , 0.305255],
[1.0924 , 0.396427],
[1.10444 , 0.488961],
[1.11649 , 0.577206],
[1.1285 , 0.659524],
[1.14054 , 0.733843],
[1.15255 , 0.794993],
[1.16459 , 0.846995],
[1.17664 , 0.881863],
[1.18865 , 0.90427],
[1.20069 , 0.916761],
[1.2127 , 0.921056],
[1.22474 , 0.923999],
[1.23679 , 0.929294],
[1.2488 , 0.935595],
[1.26084 , 0.945733],
[1.27285 , 0.95259],
[1.28489 , 0.958808],
[1.29694 , 0.968338],
[1.30895 , 0.97099],
[1.32099 , 0.97887],
[1.333 , 0.982081],
[1.34504 , 0.986929],
[1.35709 , 0.98887],
[1.3691 , 0.991972],
[1.38114 , 0.995222],
[1.39315 , 0.997374],
[1.40519 , 0.998328],
[1.41724 , 1],
[1.42925 , 0.99885],
[1.44129 , 0.997056],
[1.4533 , 0.999715],
[1.46534 , 0.997709],
[1.47738 , 0.993649],
[1.4894 , 0.988288],
[1.50144 , 0.982113],
[1.51345 , 0.976117],
[1.52549 , 0.967625],
[1.53753 , 0.960948],
[1.54955 , 0.949309],
[1.56159 , 0.940839],
[1.5736 , 0.932085],
[1.58564 , 0.925758],
[1.59768 , 0.913891],
[1.6097 , 0.902356],
[1.62174 , 0.888444],
[1.63375 , 0.874186],
[1.64579 , 0.860296],
[1.65783 , 0.848029],
[1.66985 , 0.837907],
[1.68189 , 0.827476],
[1.6939 , 0.814445],
[1.70594 , 0.8031],
[1.71798 , 0.792108],
[1.73 , 0.780664],
[1.74204 , 0.776089],
[1.75405 , 0.770506],
[1.76609 , 0.764428],
[1.77813 , 0.760838],
[1.79015 , 0.755058],
[1.80219 , 0.751402],
[1.8142 , 0.747775],
[1.82624 , 0.745413],
[1.83828 , 0.74091],
[1.8503 , 0.735381],
[1.86234 , 0.731349],
[1.87435 , 0.726626],
[1.88639 , 0.716629],
[1.89843 , 0.706469],
[1.91045 , 0.696303],
[1.92249 , 0.687731],
[1.9345 , 0.674269],
[1.94654 , 0.665337],
[1.95858 , 0.654878],
[1.9706 , 0.645568],
[1.98264 , 0.633657],
[1.99465 , 0.620828],
[2.00669 , 0.608944],
[2.01873 , 0.596326],
[2.03075 , 0.590185],
[2.04279 , 0.58533],
[2.0548 , 0.577747],
[2.06684 , 0.570025],
[2.07888 , 0.560005],
[2.0909 , 0.546631],
[2.10294 , 0.535221],
[2.11495 , 0.52613],
[2.12699 , 0.517127],
[2.13903 , 0.510098],
[2.15105 , 0.503394],
[2.16309 , 0.497185],
[2.1751 , 0.492095],
[2.18714 , 0.483586],
[2.19918 , 0.474388],
[2.2112 , 0.467334],
[2.22324 , 0.457725],
[2.23525 , 0.449695],
[2.24729 , 0.440214],
[2.25933 , 0.431908],
[2.27135 , 0.423412],
[2.28339 , 0.416938],
[2.2954 , 0.408795],
[2.30744 , 0.399538],
[2.31948 , 0.388324],
[2.3315 , 0.378374],
[2.34354 , 0.374918],
[2.35555 , 0.374369],
[2.36759 , 0.370529],
[2.37963 , 0.365652],
[2.39165 , 0.361122],
[2.40369 , 0.35602],
[2.4157 , 0.350266],
[2.42774 , 0.346407],
[2.43978 , 0.345786],
[2.4518 , 0.345563],
[2.46384 , 0.343137],
[2.47585 , 0.338568],
[2.48789 , 0.334202],
[2.49993 , 0.328702],
[2.51195 , 0.324005],
[2.52399 , 0.317837],
[2.536 , 0.314304],
[2.54804 , 0.310638],
[2.56008 , 0.306066],
[2.5721 , 0.299757],
[2.58414 , 0.2969],
[2.59615 , 0.290551],
[2.60819 , 0.287059],
[2.62023 , 0.281666],
[2.63225 , 0.277169],
[2.64429 , 0.272872],
[2.6563 , 0.267066],
[2.66834 , 0.262975],
[2.68038 , 0.257925],
[2.6924 , 0.252738],
[2.70444 , 0.249561],
[2.71645 , 0.244503],
[2.72849 , 0.240234],
[2.74053 , 0.236911],
[2.75255 , 0.231618],
[2.76459 , 0.227636],
[2.7766 , 0.223759],
[2.78864 , 0.219501],
[2.80068 , 0.215279],
[2.8127 , 0.210238],
[2.82474 , 0.207213],
[2.83675 , 0.200867],
[2.84879 , 0.199527],
[2.86083 , 0.199615],
[2.87285 , 0.200553],
[2.88489 , 0.198681],
[2.8969 , 0.197503],
[2.90894 , 0.194108],
[2.92098 , 0.19143],
[2.933 , 0.189495],
[2.94504 , 0.186434],
[2.95705 , 0.184519],
[2.96909 , 0.182303],
[2.98113 , 0.179412],
[2.99315 , 0.178094],
[3.00519 , 0.17488],
[3.0172 , 0.172228],
[3.02924 , 0.169234],
[3.04128 , 0.166441],
[3.0533 , 0.164398],
[3.06534 , 0.162099],
[3.07735 , 0.158677],
[3.08939 , 0.156792],
[3.10143 , 0.154188],
[3.11345 , 0.151548],
[3.12549 , 0.148921],
[3.1375 , 0.145905],
[3.14954 , 0.143916],
[3.16158 , 0.14155],
[3.1736 , 0.139652],
[3.18564 , 0.136819],
[3.19765 , 0.135135],
[3.20969 , 0.131938],
[3.22173 , 0.129312],
[3.23374 , 0.127314],
[3.24579 , 0.124997],
[3.2578 , 0.123539],
[3.26984 , 0.120672],
[3.28188 , 0.118742],
[3.29389 , 0.117334],
[3.30594 , 0.115293],
[3.31795 , 0.113745],
[3.32999 , 0.111867],
[3.34203 , 0.109626],
[3.35404 , 0.108128],
[3.36609 , 0.107246],
[3.3781 , 0.10512],
[3.39014 , 0.102976],
[3.40218 , 0.101722],
[3.41419 , 0.100623],
[3.42624 , 0.0985129],
[3.43825 , 0.0977306],
[3.45029 , 0.0956244],
[3.46233 , 0.0944359],
[3.47434 , 0.0934434],
[3.48639 , 0.0914077],
[3.4984 , 0.0904703],
[3.51044 , 0.0890994],
[3.52248 , 0.0877742],
[3.53449 , 0.0871166],
[3.54654 , 0.0850898],
[3.55855 , 0.0841022],
[3.57059 , 0.0828926],
[3.58263 , 0.0821617],
[3.59464 , 0.0806414],
[3.60669 , 0.0789516],
[3.6187 , 0.0778006],
[3.63074 , 0.0763145],
[3.64278 , 0.0751517],
[3.65479 , 0.0736421],
[3.66684 , 0.072513],
[3.67885 , 0.0715682],
[3.69089 , 0.0708887],
[3.70293 , 0.0693734],
[3.71494 , 0.0684487],
[3.72699 , 0.0677198],
[3.739 , 0.0667174],
[3.75104 , 0.0658404],
[3.76308 , 0.0647766],
[3.77509 , 0.0636816],
[3.78714 , 0.0622564],
[3.79915 , 0.0612357],
[3.81119 , 0.0603873],
[3.82323 , 0.0597233],
[3.83524 , 0.0581731],
[3.84729 , 0.0570456],
[3.8593 , 0.0565926],
[3.87134 , 0.0555375],
[3.88338 , 0.0543983],
[3.89539 , 0.0534061],
[3.90744 , 0.0531172],
[3.91945 , 0.0515416],
[3.93149 , 0.0505361],
[3.94353 , 0.0487193],
[3.95554 , 0.0478572],
[3.96759 , 0.0467406],
[3.9796 , 0.0457847],
[3.99164 , 0.0441114],
[4.00368 , 0.0417557],
[4.01569 , 0.0407117],
[4.02774 , 0.0420064],
[4.03975 , 0.0447121],
[4.05179 , 0.0472886],
[4.06383 , 0.0468586],
[4.07584 , 0.0467991],
[4.08789 , 0.0462359],
[4.0999 , 0.0460094],
[4.11194 , 0.0445673],
[4.12398 , 0.0441156],
[4.13599 , 0.0432425],
[4.14804 , 0.043062],
[4.16005 , 0.0423358],
[4.17209 , 0.0418905],
[4.18413 , 0.0412192],
[4.19614 , 0.0408266],
[4.20819 , 0.04016],
[4.2202 , 0.0395766],
[4.23224 , 0.0390859],
[4.24428 , 0.0386901],
[4.25629 , 0.0387263],
[4.26834 , 0.0376207],
[4.28035 , 0.0374704],
[4.29239 , 0.0368832],
[4.30443 , 0.0366863],
[4.31644 , 0.0362493],
[4.32849 , 0.0358172],
[4.3405 , 0.035652],
[4.35254 , 0.0347864],
[4.36458 , 0.0349343],
[4.37659 , 0.0343453],
[4.38864 , 0.0338293],
[4.40065 , 0.0337214],
[4.41269 , 0.0334068],
[4.42473 , 0.0331102],
[4.43674 , 0.0323793],
[4.44879 , 0.0321439],
[4.4608 , 0.0315218],
[4.47284 , 0.0311736],
[4.48488 , 0.0308031],
[4.49689 , 0.0305577],
[4.50894 , 0.0300519],
[4.52095 , 0.0296385],
[4.53299 , 0.0294073],
[4.54503 , 0.0295066],
[4.55704 , 0.0287577],
[4.56909 , 0.0283343],
[4.5811 , 0.0276883],
[4.59314 , 0.027162],
[4.60518 , 0.0266026],
[4.61719 , 0.0247652],
[4.62923 , 0.0217263],
[4.64125 , 0.0207132],
[4.65329 , 0.0230745],
[4.66533 , 0.0256269],
[4.67734 , 0.0262261],
[4.68938 , 0.0265951],
[4.7014 , 0.0258131],
[4.71344 , 0.025693],
[4.72548 , 0.0252754],
[4.73749 , 0.0248884],
[4.74953 , 0.0245373],
[4.76155 , 0.0244727],
[4.77359 , 0.0241224],
[4.78563 , 0.0236518],
[4.79764 , 0.0236371],
[4.80968 , 0.0231795],
[4.8217 , 0.0229085],
[4.83374 , 0.0224832],
[4.84578 , 0.0220516],
[4.85779 , 0.0221457],
[4.86983 , 0.0217377],
[4.88185 , 0.0215305],
[4.89389 , 0.0213814],
[4.90593 , 0.0208312],
[4.91794 , 0.0207061],
[4.92998 , 0.0204094],
[4.942 , 0.0201731],
[4.95404 , 0.0200872],
[4.96608 , 0.0196027],
[4.97809 , 0.0195778],
[4.99013 , 0.0194235],
[5.00215 , 0.0189628],
[5.01419 , 0.0187248],
[5.02623 , 0.0187658],
[5.03824 , 0.0181844],
[5.05028 , 0.0179203],
[5.0623 , 0.017902],
[5.07434 , 0.0178238],
[5.08638 , 0.0174469],
[5.09839 , 0.0173478],
[5.11043 , 0.0172815],
[5.12245 , 0.0166515],
[5.13449 , 0.0165574],
[5.14653 , 0.0164265],
[5.15854 , 0.0164748],
[5.17058 , 0.0160425],
[5.1826 , 0.0161236],
[5.19464 , 0.0156638],
[5.20668 , 0.0155281],
[5.21869 , 0.0151994],
[5.23073 , 0.0150158],
[5.24275 , 0.0149603],
[5.25479 , 0.0147813],
[5.26683 , 0.0146079],
[5.27884 , 0.0145221],
[5.29088 , 0.0142499],
[5.3029 , 0.0141546],
[5.31494 , 0.0139238],
[5.32698 , 0.0138035],
[5.33899 , 0.0136444],
[5.35103 , 0.0135729],
[5.36305 , 0.0130644],
[5.37509 , 0.0132663],
[5.38713 , 0.0131149],
[5.39914 , 0.012902],
[5.41118 , 0.0126622],
[5.4232 , 0.0126626],
[5.43524 , 0.0123228],
[5.44728 , 0.0124699],
[5.45929 , 0.0122494],
[5.47133 , 0.0121176],
[5.48335 , 0.0117617],
[5.49539 , 0.0117835],
[5.50743 , 0.0117317],
[5.51944 , 0.0115569],
[5.53148 , 0.0114589],
[5.5435 , 0.0112254],
[5.55554 , 0.0111797],
[5.56758 , 0.0113244],
[5.57959 , 0.0108814],
[5.59163 , 0.0108167],
[5.60365 , 0.0106162],
[5.61569 , 0.0104271],
[5.62773 , 0.0103034],
[5.63974 , 0.0101657],
[5.65178 , 0.0101127],
[5.6638 , 0.0102004],
[5.67584 , 0.0101575],
[5.68788 , 0.00974979],
[5.69989 , 0.00983649],
[5.71193 , 0.00957236],
[5.72395 , 0.0096794],
[5.73599 , 0.00948896],
[5.74803 , 0.00931874],
[5.76004 , 0.00918174],
[5.77208 , 0.00900421],
[5.7841 , 0.00909665],
[5.79614 , 0.00892604],
[5.80818 , 0.00890187],
[5.82019 , 0.00885013],
[5.83223 , 0.00857482],
[5.84425 , 0.00855195],
[5.85629 , 0.00868853],
[5.86833 , 0.00855513],
[5.88034 , 0.00829785],
[5.89238 , 0.00829522],
[5.9044 , 0.00821625],
[5.91644 , 0.00813726],
[5.92848 , 0.00802448],
[5.94049 , 0.00803157],
[5.95253 , 0.00780761],
[5.96455 , 0.00776803],
[5.97659 , 0.00763699],
[5.98863 , 0.00749987],
[6.00064 , 0.00751351],
[6.01268 , 0.00748721],
[6.0247 , 0.00715293],
[6.03674 , 0.00717775],
[6.04878 , 0.00715042],
[6.06079 , 0.00711067],
[6.07283 , 0.0071566],
[6.08485 , 0.00681315],
[6.09689 , 0.00689824],
[6.10893 , 0.00672261],
[6.12094 , 0.00669555],
[6.13298 , 0.00658162],
[6.145 , 0.0065349],
[6.15704 , 0.00647178],
[6.16908 , 0.00653563],
[6.18109 , 0.00646139],
[6.19313 , 0.00650759],
[6.20515 , 0.00619805],
[6.21719 , 0.00624817],
[6.22923 , 0.00611556],
[6.24124 , 0.00631593],
[6.25328 , 0.00612824],
[6.2653 , 0.00599071],
[6.27734 , 0.00579188],
[6.28938 , 0.0058677],
[6.30139 , 0.00571509],
[6.31343 , 0.00572433],
[6.32545 , 0.00577097],
[6.33749 , 0.00566193],
[6.34953 , 0.005635],
[6.36154 , 0.005619],
[6.37358 , 0.00539598],
[6.3856 , 0.00543607],
[6.39764 , 0.00545144],
[6.40968 , 0.00515645],
[6.42169 , 0.00539719],
[6.43373 , 0.00511706],
[6.44574 , 0.00518624],
[6.45779 , 0.00510015],
[6.46983 , 0.00505854],
[6.48184 , 0.00517977],
[6.49388 , 0.00492955],
[6.50589 , 0.00489383],
[6.51794 , 0.00486705],
[6.52998 , 0.00488026],
[6.54199 , 0.00473543],
[6.55403 , 0.00483859],
[6.56604 , 0.00467527],
[6.57809 , 0.00469328],
[6.59013 , 0.00472978],
[6.60214 , 0.00457759],
[6.61418 , 0.00438978],
[6.62619 , 0.00452382],
[6.63824 , 0.00438263],
[6.65028 , 0.00445128],
[6.66229 , 0.00433707],
[6.67433 , 0.00423332],
[6.68634 , 0.00426564],
[6.69839 , 0.00420817],
[6.71043 , 0.00416666],
[6.72244 , 0.00406838],
[6.73448 , 0.00405712],
[6.74649 , 0.00412564],
[6.75854 , 0.00402198],
[6.77058 , 0.00401097],
[6.78259 , 0.00375424],
[6.79463 , 0.00390572],
[6.80664 , 0.00387137],
[6.81869 , 0.00374604],
[6.83073 , 0.00377383],
[6.84274 , 0.00366743],
[6.85478 , 0.00363313],
[6.86679 , 0.00370078],
[6.87884 , 0.00368592],
[6.89088 , 0.00363462],
[6.90289 , 0.00367894],
[6.91493 , 0.00353476],
[6.92694 , 0.00338814],
[6.93899 , 0.00349525],
[6.95103 , 0.00348213],
[6.96304 , 0.00347575],
[6.97508 , 0.00336021],
[6.98709 , 0.0033614],
[6.99914 , 0.00338287],
[7.01118 , 0.0033054],
[7.02319 , 0.00315905],
[7.03523 , 0.00322219],
[7.04724 , 0.00325297],
[7.05929 , 0.00314506],
[7.07133 , 0.00323705],
[7.08334 , 0.00316316],
[7.09538 , 0.00306254],
[7.10739 , 0.00305981],
[7.11944 , 0.00309988],
[7.13148 , 0.00305888],
[7.14349 , 0.00301184],
[7.15553 , 0.00298106],
[7.16754 , 0.00298486],
[7.17959 , 0.00286119],
[7.19163 , 0.00284617],
[7.20364 , 0.00288099],
[7.21568 , 0.0028702],
[7.22769 , 0.00284362],
[7.23974 , 0.00278268],
[7.25178 , 0.00278492],
[7.26379 , 0.00287318],
[7.27583 , 0.00276477],
[7.28784 , 0.00270012],
[7.29989 , 0.00272865],
[7.31193 , 0.00266876],
[7.32394 , 0.00259964],
[7.33598 , 0.00261137],
[7.34799 , 0.00258375],
[7.36004 , 0.00247014],
[7.37208 , 0.002568],
[7.38409 , 0.00253568],
[7.39613 , 0.00256933],
[7.40814 , 0.00245956],
[7.42019 , 0.00249305],
[7.43223 , 0.00247611],
[7.44424 , 0.00243489],
[7.45628 , 0.00243195],
[7.46829 , 0.00242687],
[7.48034 , 0.00228432],
[7.49238 , 0.00238575],
[7.50439 , 0.00234883],
[7.51643 , 0.00234017],
[7.52844 , 0.00235506],
[7.54049 , 0.002232],
[7.55253 , 0.00219428],
[7.56454 , 0.0020901],
[7.57658 , 0.00220844],
[7.58859 , 0.00216194],
[7.60064 , 0.00212509],
[7.61268 , 0.00207418],
[7.62469 , 0.00206083],
[7.63673 , 0.0021016],
[7.64874 , 0.00208714],
[7.66078 , 0.002011],
[7.67283 , 0.00197498],
[7.68484 , 0.00210107],
[7.69688 , 0.00202153],
[7.70889 , 0.0020016],
[7.72093 , 0.0019537],
[7.73298 , 0.00193977],
[7.74499 , 0.00196738],
[7.75703 , 0.00198212],
[7.76904 , 0.00198968],
[7.78108 , 0.0019368],
[7.79313 , 0.00190056],
[7.80514 , 0.00186082],
[7.81718 , 0.00185444],
[7.82919 , 0.00184842],
[7.84123 , 0.00180483],
[7.85328 , 0.00176833],
[7.86529 , 0.00186038],
[7.87733 , 0.00182098],
[7.88934 , 0.001745],
[7.90138 , 0.00171698],
[7.91343 , 0.00173615],
[7.92544 , 0.00169629],
[7.93748 , 0.00169958],
[7.94949 , 0.00175214],
[7.96153 , 0.00173687],
[7.97358 , 0.00168613],
[7.98559 , 0.00171272],
[7.99763 , 0.0016583],
[8.00964 , 0.00163202],
[8.02168 , 0.00160322],
[8.03373 , 0.00159222],
[8.04574 , 0.00147613],
[8.05778 , 0.00164691],
[8.06979 , 0.00151132],
[8.08183 , 0.00149235],
[8.09388 , 0.00155905],
[8.10589 , 0.00156511],
[8.11793 , 0.00150952],
[8.12994 , 0.00147326],
[8.14198 , 0.00151699],
[8.15403 , 0.00148551],
[8.16604 , 0.00146875],
[8.17808 , 0.00144654],
[8.19009 , 0.00142719],
[8.20213 , 0.00143981],
[8.21418 , 0.00140556],
[8.22619 , 0.00137989],
[8.23823 , 0.00140295],
[8.25024 , 0.00139912],
[8.26228 , 0.00136667],
[8.27433 , 0.00132143],
[8.28634 , 0.00134999],
[8.29838 , 0.00132167],
